1	1	0	0	0
1	2	0.001001001001001	-0.000523372195911635	0
1	3	0.002002002002002	-0.00104472605898352	0
1	4	0.003003003003003	-0.0015640645064396	0
1	5	0.004004004004004	-0.00208139045550386	0
1	6	0.005005005005005	-0.00259670682340026	0
1	7	0.00600600600600601	-0.00311001652735275	0
1	8	0.00700700700700701	-0.00362132248458531	0
1	9	0.00800800800800801	-0.00413062761232188	0
1	10	0.00900900900900901	-0.00463793482778645	0
1	11	0.01001001001001	-0.00514324704820297	0
1	12	0.011011011011011	-0.0056465671907954	0
1	13	0.012012012012012	-0.00614789817278771	0
1	14	0.013013013013013	-0.00664724291140386	0
1	15	0.014014014014014	-0.00714460432386781	0
1	16	0.015015015015015	-0.00763998532740353	0
1	17	0.016016016016016	-0.00813338883923498	0
1	18	0.017017017017017	-0.00862481777658613	0
1	19	0.018018018018018	-0.00911427505668093	0
1	20	0.019019019019019	-0.00960176359674335	0
1	21	0.02002002002002	-0.0100872863139974	0
1	22	0.021021021021021	-0.0105708461256669	0
1	23	0.022022022022022	-0.011052445948976	0
1	24	0.023023023023023	-0.0115320887011485	0
1	25	0.024024024024024	-0.0120097772994085	0
1	26	0.025025025025025	-0.0124855146609798	0
1	27	0.026026026026026	-0.0129593037030866	0
1	28	0.027027027027027	-0.0134311473429526	0
1	29	0.028028028028028	-0.013901048497802	0
1	30	0.029029029029029	-0.0143690100848586	0
1	31	0.03003003003003	-0.0148350350213464	0
1	32	0.031031031031031	-0.0152991262244894	0
1	33	0.032032032032032	-0.0157612866115115	0
1	34	0.033033033033033	-0.0162215190996368	0
1	35	0.034034034034034	-0.0166798266060891	0
1	36	0.035035035035035	-0.0171362120480924	0
1	37	0.036036036036036	-0.0175906783428708	0
1	38	0.037037037037037	-0.018043228407648	0
1	39	0.038038038038038	-0.0184938651596483	0
1	40	0.039039039039039	-0.0189425915160954	0
1	41	0.04004004004004	-0.0193894103942133	0
1	42	0.041041041041041	-0.0198343247112261	0
1	43	0.042042042042042	-0.0202773373843576	0
1	44	0.043043043043043	-0.0207184513308319	0
1	45	0.044044044044044	-0.0211576694678728	0
1	46	0.045045045045045	-0.0215949947127045	0
1	47	0.046046046046046	-0.0220304299825507	0
1	48	0.047047047047047	-0.0224639781946356	0
1	49	0.048048048048048	-0.022895642266183	0
1	50	0.049049049049049	-0.0233254251144169	0
1	51	0.0500500500500501	-0.0237533296565613	0
1	52	0.0510510510510511	-0.0241793588098402	0
1	53	0.0520520520520521	-0.0246035154914774	0
1	54	0.0530530530530531	-0.0250258026186971	0
1	55	0.0540540540540541	-0.025446223108723	0
1	56	0.0550550550550551	-0.0258647798787793	0
1	57	0.0560560560560561	-0.0262814758460898	0
1	58	0.0570570570570571	-0.0266963139278785	0
1	59	0.0580580580580581	-0.0271092970413694	0
1	60	0.0590590590590591	-0.0275204281037865	0
1	61	0.0600600600600601	-0.0279297100323537	0
1	62	0.0610610610610611	-0.0283371457442949	0
1	63	0.0620620620620621	-0.0287427381568342	0
1	64	0.0630630630630631	-0.0291464901871955	0
1	65	0.0640640640640641	-0.0295484047526028	0
1	66	0.0650650650650651	-0.02994848477028	0
1	67	0.0660660660660661	-0.0303467331574511	0
1	68	0.0670670670670671	-0.03074315283134	0
1	69	0.0680680680680681	-0.0311377467091708	0
1	70	0.0690690690690691	-0.0315305177081673	0
1	71	0.0700700700700701	-0.0319214687455536	0
1	72	0.0710710710710711	-0.0323106027385536	0
1	73	0.0720720720720721	-0.0326979226043912	0
1	74	0.0730730730730731	-0.0330834312602905	0
1	75	0.0740740740740741	-0.0334671316234754	0
1	76	0.0750750750750751	-0.0338490266111699	0
1	77	0.0760760760760761	-0.0342291191405979	0
1	78	0.0770770770770771	-0.0346074121289833	0
1	79	0.0780780780780781	-0.0349839084935503	0
1	80	0.0790790790790791	-0.0353586111515226	0
1	81	0.0800800800800801	-0.0357315230201243	0
1	82	0.0810810810810811	-0.0361026470165794	0
1	83	0.0820820820820821	-0.0364719860581117	0
1	84	0.0830830830830831	-0.0368395430619453	0
1	85	0.0840840840840841	-0.0372053209453042	0
1	86	0.0850850850850851	-0.0375693226254122	0
1	87	0.0860860860860861	-0.0379315510194934	0
1	88	0.0870870870870871	-0.0382920090447717	0
1	89	0.0880880880880881	-0.0386506996184711	0
1	90	0.0890890890890891	-0.0390076256578156	0
1	91	0.0900900900900901	-0.039362790080029	0
1	92	0.0910910910910911	-0.0397161958023355	0
1	93	0.0920920920920921	-0.0400678457419588	0
1	94	0.0930930930930931	-0.0404177428161231	0
1	95	0.0940940940940941	-0.0407658899420522	0
1	96	0.0950950950950951	-0.0411122900369702	0
1	97	0.0960960960960961	-0.0414569460181009	0
1	98	0.0970970970970971	-0.0417998608026684	0
1	99	0.0980980980980981	-0.0421410373078966	0
1	100	0.0990990990990991	-0.0424804784510095	0
1	101	0.1001001001001	-0.042818187149231	0
1	102	0.101101101101101	-0.0431541663197851	0
1	103	0.102102102102102	-0.0434884188798958	0
1	104	0.103103103103103	-0.0438209477467871	0
1	105	0.104104104104104	-0.0441517558376828	0
1	106	0.105105105105105	-0.044480846069807	0
1	107	0.106106106106106	-0.0448082213603836	0
1	108	0.107107107107107	-0.0451338846266366	0
1	109	0.108108108108108	-0.0454578387857899	0
1	110	0.109109109109109	-0.0457800867550675	0
1	111	0.11011011011011	-0.0461006314516935	0
1	112	0.111111111111111	-0.0464194757928916	0
1	113	0.112112112112112	-0.046736622695886	0
1	114	0.113113113113113	-0.0470520750779005	0
1	115	0.114114114114114	-0.0473658358561591	0
1	116	0.115115115115115	-0.0476779079478859	0
1	117	0.116116116116116	-0.0479882942703047	0
1	118	0.117117117117117	-0.0482969977406395	0
1	119	0.118118118118118	-0.0486040212761143	0
1	120	0.119119119119119	-0.048909367793953	0
1	121	0.12012012012012	-0.0492130402113796	0
1	122	0.121121121121121	-0.0495150414456181	0
1	123	0.122122122122122	-0.0498153744138925	0
1	124	0.123123123123123	-0.0501140420334266	0
1	125	0.124124124124124	-0.0504110472214445	0
1	126	0.125125125125125	-0.0507063928951701	0
1	127	0.126126126126126	-0.0510000819718274	0
1	128	0.127127127127127	-0.0512921173686403	0
1	129	0.128128128128128	-0.0515825020028329	0
1	130	0.129129129129129	-0.051871238791629	0
1	131	0.13013013013013	-0.0521583306522527	0
1	132	0.131131131131131	-0.0524437805019279	0
1	133	0.132132132132132	-0.0527275912578785	0
1	134	0.133133133133133	-0.0530097658373286	0
1	135	0.134134134134134	-0.0532903071575021	0
1	136	0.135135135135135	-0.0535692181356229	0
1	137	0.136136136136136	-0.053846501688915	0
1	138	0.137137137137137	-0.0541221607346024	0
1	139	0.138138138138138	-0.0543961981899091	0
1	140	0.139139139139139	-0.0546686169720589	0
1	141	0.14014014014014	-0.054939419998276	0
1	142	0.141141141141141	-0.0552086101857841	0
1	143	0.142142142142142	-0.0554761904518074	0
1	144	0.143143143143143	-0.0557421637135697	0
1	145	0.144144144144144	-0.0560065328882951	0
1	146	0.145145145145145	-0.0562693008932074	0
1	147	0.146146146146146	-0.0565304706455307	0
1	148	0.147147147147147	-0.0567900450624889	0
1	149	0.148148148148148	-0.057048027061306	0
1	150	0.149149149149149	-0.0573044195592059	0
1	151	0.15015015015015	-0.0575592254734126	0
1	152	0.151151151151151	-0.0578124477211501	0
1	153	0.152152152152152	-0.0580640892196423	0
1	154	0.153153153153153	-0.0583141528861132	0
1	155	0.154154154154154	-0.0585626416377868	0
1	156	0.155155155155155	-0.058809558391887	0
1	157	0.156156156156156	-0.0590549060656377	0
1	158	0.157157157157157	-0.0592986875762631	0
1	159	0.158158158158158	-0.0595409058409869	0
1	160	0.159159159159159	-0.0597815637770332	0
1	161	0.16016016016016	-0.0600206643016259	0
1	162	0.161161161161161	-0.060258210331989	0
1	163	0.162162162162162	-0.0604942047853465	0
1	164	0.163163163163163	-0.0607286505789223	0
1	165	0.164164164164164	-0.0609615506299404	0
1	166	0.165165165165165	-0.0611929078556248	0
1	167	0.166166166166166	-0.0614227251731993	0
1	168	0.167167167167167	-0.0616510054998881	0
1	169	0.168168168168168	-0.061877751752915	0
1	170	0.169169169169169	-0.0621029668495039	0
1	171	0.17017017017017	-0.062326653706879	0
1	172	0.171171171171171	-0.0625488152422641	0
1	173	0.172172172172172	-0.0627694543728832	0
1	174	0.173173173173173	-0.0629885740159602	0
1	175	0.174174174174174	-0.0632061770887192	0
1	176	0.175175175175175	-0.063422266508384	0
1	177	0.176176176176176	-0.0636368451921787	0
1	178	0.177177177177177	-0.0638499160573272	0
1	179	0.178178178178178	-0.0640614820210535	0
1	180	0.179179179179179	-0.0642715460005815	0
1	181	0.18018018018018	-0.0644801109131352	0
1	182	0.181181181181181	-0.0646871796759386	0
1	183	0.182182182182182	-0.0648927552062156	0
1	184	0.183183183183183	-0.0650968404211902	0
1	185	0.184184184184184	-0.0652994382380863	0
1	186	0.185185185185185	-0.065500551574128	0
1	187	0.186186186186186	-0.0657001833465391	0
1	188	0.187187187187187	-0.0658983364725437	0
1	189	0.188188188188188	-0.0660950138693657	0
1	190	0.189189189189189	-0.066290218454229	0
1	191	0.19019019019019	-0.0664839531443577	0
1	192	0.191191191191191	-0.0666762208569757	0
1	193	0.192192192192192	-0.0668670245093069	0
1	194	0.193193193193193	-0.0670563670185754	0
1	195	0.194194194194194	-0.067244251302005	0
1	196	0.195195195195195	-0.0674306802768198	0
1	197	0.196196196196196	-0.0676156568602437	0
1	198	0.197197197197197	-0.0677991839695007	0
1	199	0.198198198198198	-0.0679812645218147	0
1	200	0.199199199199199	-0.0681619014344098	0
1	201	0.2002002002002	-0.0683410976245097	0
1	202	0.201201201201201	-0.0685188560093386	0
1	203	0.202202202202202	-0.0686951795061204	0
1	204	0.203203203203203	-0.0688700710320791	0
1	205	0.204204204204204	-0.0690435335044386	0
1	206	0.205205205205205	-0.0692155698404228	0
1	207	0.206206206206206	-0.0693861829572558	0
1	208	0.207207207207207	-0.0695553757721615	0
1	209	0.208208208208208	-0.0697231512023639	0
1	210	0.209209209209209	-0.0698895121650869	0
1	211	0.21021021021021	-0.0700544615775545	0
1	212	0.211211211211211	-0.0702180023569907	0
1	213	0.212212212212212	-0.0703801374206194	0
1	214	0.213213213213213	-0.0705408696856646	0
1	215	0.214214214214214	-0.0707002020693502	0
1	216	0.215215215215215	-0.0708581374889002	0
1	217	0.216216216216216	-0.0710146788615386	0
1	218	0.217217217217217	-0.0711698291044894	0
1	219	0.218218218218218	-0.0713235911349764	0
1	220	0.219219219219219	-0.0714759678702238	0
1	221	0.22022022022022	-0.0716269622274553	0
1	222	0.221221221221221	-0.0717765771238951	0
1	223	0.222222222222222	-0.071924815476767	0
1	224	0.223223223223223	-0.072071680203295	0
1	225	0.224224224224224	-0.0722171742207031	0
1	226	0.225225225225225	-0.0723613004462152	0
1	227	0.226226226226226	-0.0725040617970554	0
1	228	0.227227227227227	-0.0726454611904475	0
1	229	0.228228228228228	-0.0727855015436155	0
1	230	0.229229229229229	-0.0729241857737835	0
1	231	0.23023023023023	-0.0730615167981753	0
1	232	0.231231231231231	-0.073197497534015	0
1	233	0.232232232232232	-0.0733321308985264	0
1	234	0.233233233233233	-0.0734654198089336	0
1	235	0.234234234234234	-0.0735973671824605	0
1	236	0.235235235235235	-0.0737279759363311	0
1	237	0.236236236236236	-0.0738572489877693	0
1	238	0.237237237237237	-0.0739851892539991	0
1	239	0.238238238238238	-0.0741117996522445	0
1	240	0.239239239239239	-0.0742370830997294	0
1	241	0.24024024024024	-0.0743610425136778	0
1	242	0.241241241241241	-0.0744836808113137	0
1	243	0.242242242242242	-0.0746050009098609	0
1	244	0.243243243243243	-0.0747250057265436	0
1	245	0.244244244244244	-0.0748436981785856	0
1	246	0.245245245245245	-0.074961081183211	0
1	247	0.246246246246246	-0.0750771576576436	0
1	248	0.247247247247247	-0.0751919305191074	0
1	249	0.248248248248248	-0.0753054026848264	0
1	250	0.249249249249249	-0.0754175770720246	0
1	251	0.25025025025025	-0.0755284565979259	0
1	252	0.251251251251251	-0.0756380441797543	0
1	253	0.252252252252252	-0.0757463427347338	0
1	254	0.253253253253253	-0.0758533551800883	0
1	255	0.254254254254254	-0.0759590844330417	0
1	256	0.255255255255255	-0.0760635334108181	0
1	257	0.256256256256256	-0.0761667050306414	0
1	258	0.257257257257257	-0.0762686022097356	0
1	259	0.258258258258258	-0.0763692278653246	0
1	260	0.259259259259259	-0.0764685849146324	0
1	261	0.26026026026026	-0.076566676274883	0
1	262	0.261261261261261	-0.0766635048633002	0
1	263	0.262262262262262	-0.0767590735971082	0
1	264	0.263263263263263	-0.0768533853935308	0
1	265	0.264264264264264	-0.0769464431697921	0
1	266	0.265265265265265	-0.0770382498431158	0
1	267	0.266266266266266	-0.0771288083307262	0
1	268	0.267267267267267	-0.077218121549847	0
1	269	0.268268268268268	-0.0773061924177023	0
1	270	0.269269269269269	-0.077393023851516	0
1	271	0.27027027027027	-0.0774786187685122	0
1	272	0.271271271271271	-0.0775629800859146	0
1	273	0.272272272272272	-0.0776461107209474	0
1	274	0.273273273273273	-0.0777280135908345	0
1	275	0.274274274274274	-0.0778086916127998	0
1	276	0.275275275275275	-0.0778881477040673	0
1	277	0.276276276276276	-0.077966384781861	0
1	278	0.277277277277277	-0.0780434057634048	0
1	279	0.278278278278278	-0.0781192135659227	0
1	280	0.279279279279279	-0.0781938111066387	0
1	281	0.28028028028028	-0.0782672013027767	0
1	282	0.281281281281281	-0.0783393870715607	0
1	283	0.282282282282282	-0.0784103713302146	0
1	284	0.283283283283283	-0.0784801569959625	0
1	285	0.284284284284284	-0.0785487469860282	0
1	286	0.285285285285285	-0.0786161442176358	0
1	287	0.286286286286286	-0.0786823516080091	0
1	288	0.287287287287287	-0.0787473720743722	0
1	289	0.288288288288288	-0.0788112085339491	0
1	290	0.289289289289289	-0.0788738639039636	0
1	291	0.29029029029029	-0.0789353411016399	0
1	292	0.291291291291291	-0.0789956430442017	0
1	293	0.292292292292292	-0.0790547726488731	0
1	294	0.293293293293293	-0.079112732832878	0
1	295	0.294294294294294	-0.0791695265134405	0
1	296	0.295295295295295	-0.0792251566077844	0
1	297	0.296296296296296	-0.0792796260331337	0
1	298	0.297297297297297	-0.0793329377067125	0
1	299	0.298298298298298	-0.0793850945457446	0
1	300	0.299299299299299	-0.0794360994674541	0
1	301	0.3003003003003	-0.0794859553890648	0
1	302	0.301301301301301	-0.0795346652278008	0
1	303	0.302302302302302	-0.079582231900886	0
1	304	0.303303303303303	-0.0796286583255443	0
1	305	0.304304304304304	-0.0796739474189998	0
1	306	0.305305305305305	-0.0797181020984765	0
1	307	0.306306306306306	-0.0797611252811981	0
1	308	0.307307307307307	-0.0798030198843889	0
1	309	0.308308308308308	-0.0798437888252725	0
1	310	0.309309309309309	-0.0798834350210732	0
1	311	0.31031031031031	-0.0799219613890148	0
1	312	0.311311311311311	-0.0799593708463212	0
1	313	0.312312312312312	-0.0799956663102166	0
1	314	0.313313313313313	-0.0800308506979247	0
1	315	0.314314314314314	-0.0800649269266696	0
1	316	0.315315315315315	-0.0800978979136752	0
1	317	0.316316316316316	-0.0801297665761655	0
1	318	0.317317317317317	-0.0801605358313645	0
1	319	0.318318318318318	-0.0801902085964961	0
1	320	0.319319319319319	-0.0802187877887843	0
1	321	0.32032032032032	-0.0802462763254531	0
1	322	0.321321321321321	-0.0802726771237263	0
1	323	0.322322322322322	-0.0802979931008281	0
1	324	0.323323323323323	-0.0803222271739823	0
1	325	0.324324324324324	-0.0803453822604129	0
1	326	0.325325325325325	-0.0803674612773438	0
1	327	0.326326326326326	-0.0803884671419991	0
1	328	0.327327327327327	-0.0804084027716027	0
1	329	0.328328328328328	-0.0804272710833785	0
1	330	0.329329329329329	-0.0804450749945506	0
1	331	0.33033033033033	-0.0804618174223429	0
1	332	0.331331331331331	-0.0804775012839793	0
1	333	0.332332332332332	-0.0804921294966838	0
1	334	0.333333333333333	-0.0805057049776804	0
1	335	0.334334334334334	-0.0805182306441929	0
1	336	0.335335335335335	-0.0805297094134456	0
1	337	0.336336336336336	-0.0805401442026622	0
1	338	0.337337337337337	-0.0805495379290667	0
1	339	0.338338338338338	-0.0805578935098831	0
1	340	0.339339339339339	-0.0805652138623353	0
1	341	0.34034034034034	-0.0805715019036474	0
1	342	0.341341341341341	-0.0805767605510432	0
1	343	0.342342342342342	-0.0805809927217468	0
1	344	0.343343343343343	-0.0805842013329821	0
1	345	0.344344344344344	-0.0805863893019731	0
1	346	0.345345345345345	-0.0805875595459437	0
1	347	0.346346346346346	-0.0805877149821179	0
1	348	0.347347347347347	-0.0805868585277196	0
1	349	0.348348348348348	-0.0805849930999729	0
1	350	0.349349349349349	-0.0805821216161016	0
1	351	0.35035035035035	-0.0805782469933299	0
1	352	0.351351351351351	-0.0805733721488815	0
1	353	0.352352352352352	-0.0805674999999805	0
1	354	0.353353353353353	-0.0805606334638508	0
1	355	0.354354354354354	-0.0805527754577165	0
1	356	0.355355355355355	-0.0805439288988014	0
1	357	0.356356356356356	-0.0805340967043295	0
1	358	0.357357357357357	-0.0805232817915248	0
1	359	0.358358358358358	-0.0805114870776113	0
1	360	0.359359359359359	-0.0804987154798129	0
1	361	0.36036036036036	-0.0804849699153536	0
1	362	0.361361361361361	-0.0804702533014573	0
1	363	0.362362362362362	-0.080454568555348	0
1	364	0.363363363363363	-0.0804379185942497	0
1	365	0.364364364364364	-0.0804203063353863	0
1	366	0.365365365365365	-0.0804017346959818	0
1	367	0.366366366366366	-0.0803822065932603	0
1	368	0.367367367367367	-0.0803617249444455	0
1	369	0.368368368368368	-0.0803402926667615	0
1	370	0.369369369369369	-0.0803179126774322	0
1	371	0.37037037037037	-0.0802945878936817	0
1	372	0.371371371371371	-0.0802703212327338	0
1	373	0.372372372372372	-0.0802451156118126	0
1	374	0.373373373373373	-0.080218973948142	0
1	375	0.374374374374374	-0.0801918991589459	0
1	376	0.375375375375375	-0.0801638941614484	0
1	377	0.376376376376376	-0.0801349618728733	0
1	378	0.377377377377377	-0.0801051052104448	0
1	379	0.378378378378378	-0.0800743270913866	0
1	380	0.379379379379379	-0.0800426304329228	0
1	381	0.38038038038038	-0.0800100181522774	0
1	382	0.381381381381381	-0.0799764931666743	0
1	383	0.382382382382382	-0.0799420583933374	0
1	384	0.383383383383383	-0.0799067167494908	0
1	385	0.384384384384384	-0.0798704711523584	0
1	386	0.385385385385385	-0.0798333245191642	0
1	387	0.386386386386386	-0.079795279767132	0
1	388	0.387387387387387	-0.079756339813486	0
1	389	0.388388388388388	-0.07971650757545	0
1	390	0.389389389389389	-0.079675785970248	0
1	391	0.39039039039039	-0.079634177915104	0
1	392	0.391391391391391	-0.079591686327242	0
1	393	0.392392392392392	-0.0795483141238859	0
1	394	0.393393393393393	-0.0795040642222595	0
1	395	0.394394394394394	-0.0794589395395871	0
1	396	0.395395395395395	-0.0794129429930924	0
1	397	0.396396396396396	-0.0793660774999995	0
1	398	0.397397397397397	-0.0793183459775323	0
1	399	0.398398398398398	-0.0792697513429149	0
1	400	0.399399399399399	-0.079220296513371	0
1	401	0.4004004004004	-0.0791699844061248	0
1	402	0.401401401401401	-0.0791188179384001	0
1	403	0.402402402402402	-0.079066800027421	0
1	404	0.403403403403403	-0.0790139335904114	0
1	405	0.404404404404404	-0.0789602215445951	0
1	406	0.405405405405405	-0.0789056668071964	0
1	407	0.406406406406406	-0.0788502722954391	0
1	408	0.407407407407407	-0.0787940409265471	0
1	409	0.408408408408408	-0.0787369756177444	0
1	410	0.409409409409409	-0.078679079286255	0
1	411	0.41041041041041	-0.0786203548493028	0
1	412	0.411411411411411	-0.0785608052241119	0
1	413	0.412412412412412	-0.0785004333279061	0
1	414	0.413413413413413	-0.0784392420779094	0
1	415	0.414414414414414	-0.0783772343913459	0
1	416	0.415415415415415	-0.0783144131854394	0
1	417	0.416416416416416	-0.0782507813774139	0
1	418	0.417417417417417	-0.0781863418844934	0
1	419	0.418418418418418	-0.0781210976239019	0
1	420	0.419419419419419	-0.0780550515128632	0
1	421	0.42042042042042	-0.0779882064686015	0
1	422	0.421421421421421	-0.0779205654083406	0
1	423	0.422422422422422	-0.0778521312493044	0
1	424	0.423423423423423	-0.0777829069087171	0
1	425	0.424424424424424	-0.0777128953038025	0
1	426	0.425425425425425	-0.0776420993517845	0
1	427	0.426426426426426	-0.0775705219698873	0
1	428	0.427427427427427	-0.0774981660753346	0
1	429	0.428428428428428	-0.0774250345853505	0
1	430	0.429429429429429	-0.0773511304171589	0
1	431	0.43043043043043	-0.0772764564879839	0
1	432	0.431431431431431	-0.0772010157150494	0
1	433	0.432432432432432	-0.0771248110155792	0
1	434	0.433433433433433	-0.0770478453067975	0
1	435	0.434434434434434	-0.0769701215059281	0
1	436	0.435435435435435	-0.0768916425301951	0
1	437	0.436436436436436	-0.0768124112968223	0
1	438	0.437437437437437	-0.0767324307230338	0
1	439	0.438438438438438	-0.0766517037260535	0
1	440	0.439439439439439	-0.0765702332231054	0
1	441	0.44044044044044	-0.0764880221314134	0
1	442	0.441441441441441	-0.0764050733682015	0
1	443	0.442442442442442	-0.0763213898506936	0
1	444	0.443443443443443	-0.0762369744961138	0
1	445	0.444444444444444	-0.076151830221686	0
1	446	0.445445445445445	-0.0760659599446342	0
1	447	0.446446446446446	-0.0759793665821823	0
1	448	0.447447447447447	-0.0758920530515542	0
1	449	0.448448448448448	-0.0758040222699741	0
1	450	0.449449449449449	-0.0757152771546656	0
1	451	0.45045045045045	-0.075625820622853	0
1	452	0.451451451451451	-0.0755356555917602	0
1	453	0.452452452452452	-0.075444784978611	0
1	454	0.453453453453453	-0.0753532117006295	0
1	455	0.454454454454454	-0.0752609386750396	0
1	456	0.455455455455455	-0.0751679688190653	0
1	457	0.456456456456456	-0.0750743050499305	0
1	458	0.457457457457457	-0.0749799502848593	0
1	459	0.458458458458458	-0.0748849074410755	0
1	460	0.459459459459459	-0.0747891794358032	0
1	461	0.46046046046046	-0.0746927691862662	0
1	462	0.461461461461461	-0.0745956796096887	0
1	463	0.462462462462462	-0.0744979136232944	0
1	464	0.463463463463463	-0.0743994741443075	0
1	465	0.464464464464464	-0.0743003640899518	0
1	466	0.465465465465465	-0.0742005863774514	0
1	467	0.466466466466466	-0.0741001439240301	0
1	468	0.467467467467467	-0.073999039646912	0
1	469	0.468468468468468	-0.0738972764633209	0
1	470	0.469469469469469	-0.073794857290481	0
1	471	0.47047047047047	-0.0736917850456161	0
1	472	0.471471471471471	-0.0735880626459502	0
1	473	0.472472472472472	-0.0734836930087073	0
1	474	0.473473473473473	-0.0733786790511113	0
1	475	0.474474474474474	-0.0732730236903861	0
1	476	0.475475475475475	-0.0731667298437558	0
1	477	0.476476476476476	-0.0730598004284444	0
1	478	0.477477477477477	-0.0729522383616757	0
1	479	0.478478478478478	-0.0728440465606737	0
1	480	0.479479479479479	-0.0727352279426625	0
1	481	0.48048048048048	-0.0726257854248659	0
1	482	0.481481481481481	-0.072515721924508	0
1	483	0.482482482482482	-0.0724050403588126	0
1	484	0.483483483483483	-0.0722937436450039	0
1	485	0.484484484484485	-0.0721818347003056	0
1	486	0.485485485485485	-0.0720693164419418	0
1	487	0.486486486486487	-0.0719561917871365	0
1	488	0.487487487487487	-0.0718424636531136	0
1	489	0.488488488488488	-0.071728134957097	0
1	490	0.48948948948949	-0.0716132086163108	0
1	491	0.49049049049049	-0.0714976875479789	0
1	492	0.491491491491492	-0.0713815746693253	0
1	493	0.492492492492492	-0.0712648728975739	0
1	494	0.493493493493493	-0.0711475851499486	0
1	495	0.494494494494495	-0.0710297143436735	0
1	496	0.495495495495495	-0.0709112633959726	0
1	497	0.496496496496497	-0.0707922352240697	0
1	498	0.497497497497497	-0.0706726327451889	0
1	499	0.498498498498498	-0.0705524588765541	0
1	500	0.4994994994995	-0.0704317165353892	0
1	501	0.500500500500501	-0.0703104086389183	0
1	502	0.501501501501502	-0.0701885381043653	0
1	503	0.502502502502503	-0.0700661078489541	0
1	504	0.503503503503503	-0.0699431207899087	0
1	505	0.504504504504504	-0.0698195798444532	0
1	506	0.505505505505506	-0.0696954879298114	0
1	507	0.506506506506507	-0.0695708479632073	0
1	508	0.507507507507508	-0.0694456628618648	0
1	509	0.508508508508508	-0.0693199355430081	0
1	510	0.509509509509509	-0.0691936689238609	0
1	511	0.510510510510511	-0.0690668659216473	0
1	512	0.511511511511512	-0.0689395294535911	0
1	513	0.512512512512513	-0.0688116624369166	0
1	514	0.513513513513513	-0.0686832677888475	0
1	515	0.514514514514514	-0.0685543484266078	0
1	516	0.515515515515516	-0.0684249072674214	0
1	517	0.516516516516517	-0.0682949472285124	0
1	518	0.517517517517518	-0.0681644712271047	0
1	519	0.518518518518518	-0.0680334821804223	0
1	520	0.519519519519519	-0.0679019830056891	0
1	521	0.520520520520521	-0.0677699766201291	0
1	522	0.521521521521522	-0.0676374659409663	0
1	523	0.522522522522523	-0.0675044538854246	0
1	524	0.523523523523523	-0.067370943370728	0
1	525	0.524524524524524	-0.0672369373141004	0
1	526	0.525525525525526	-0.0671024386327659	0
1	527	0.526526526526527	-0.0669674502439483	0
1	528	0.527527527527528	-0.0668319750648717	0
1	529	0.528528528528528	-0.06669601601276	0
1	530	0.529529529529529	-0.0665595760048371	0
1	531	0.530530530530531	-0.066422657958327	0
1	532	0.531531531531532	-0.0662852647904538	0
1	533	0.532532532532533	-0.0661473994184414	0
1	534	0.533533533533533	-0.0660090647595135	0
1	535	0.534534534534535	-0.0658702637308945	0
1	536	0.535535535535536	-0.0657309992498081	0
1	537	0.536536536536537	-0.0655912742334783	0
1	538	0.537537537537538	-0.065451091599129	0
1	539	0.538538538538539	-0.0653104542639842	0
1	540	0.53953953953954	-0.065169365145268	0
1	541	0.540540540540541	-0.0650278271602043	0
1	542	0.541541541541542	-0.0648858432260169	0
1	543	0.542542542542543	-0.06474341625993	0
1	544	0.543543543543544	-0.0646005491791674	0
1	545	0.544544544544545	-0.0644572449009532	0
1	546	0.545545545545546	-0.0643135063425112	0
1	547	0.546546546546547	-0.0641693364210654	0
1	548	0.547547547547548	-0.0640247380538399	0
1	549	0.548548548548549	-0.0638797141580585	0
1	550	0.54954954954955	-0.0637342676509452	0
1	551	0.550550550550551	-0.0635884014497241	0
1	552	0.551551551551552	-0.063442118471619	0
1	553	0.552552552552553	-0.0632954216338539	0
1	554	0.553553553553554	-0.0631483138536527	0
1	555	0.554554554554555	-0.0630007980482397	0
1	556	0.555555555555556	-0.0628528771348384	0
1	557	0.556556556556557	-0.062704554030673	0
1	558	0.557557557557558	-0.0625558316529675	0
1	559	0.558558558558559	-0.0624067129189458	0
1	560	0.55955955955956	-0.0622572007458318	0
1	561	0.560560560560561	-0.0621072980508496	0
1	562	0.561561561561562	-0.0619570077512231	0
1	563	0.562562562562563	-0.0618063327641762	0
1	564	0.563563563563564	-0.0616552760069329	0
1	565	0.564564564564565	-0.0615038403967171	0
1	566	0.565565565565566	-0.061352028850753	0
1	567	0.566566566566567	-0.0611998442862643	0
1	568	0.567567567567568	-0.0610472896204752	0
1	569	0.568568568568569	-0.0608943677706094	0
1	570	0.56956956956957	-0.0607410816538911	0
1	571	0.570570570570571	-0.0605874341875441	0
1	572	0.571571571571572	-0.0604334282887924	0
1	573	0.572572572572573	-0.0602790668748601	0
1	574	0.573573573573574	-0.060124352862971	0
1	575	0.574574574574575	-0.059969289170349	0
1	576	0.575575575575576	-0.0598138787142182	0
1	577	0.576576576576577	-0.0596581244118026	0
1	578	0.577577577577578	-0.0595020291803262	0
1	579	0.578578578578579	-0.0593455959370127	0
1	580	0.57957957957958	-0.0591888275990863	0
1	581	0.580580580580581	-0.0590317270837709	0
1	582	0.581581581581582	-0.0588742973082904	0
1	583	0.582582582582583	-0.0587165411898689	0
1	584	0.583583583583584	-0.0585584616457302	0
1	585	0.584584584584585	-0.0584000615930984	0
1	586	0.585585585585586	-0.0582413439491973	0
1	587	0.586586586586587	-0.0580823116312511	0
1	588	0.587587587587588	-0.0579229675564836	0
1	589	0.588588588588589	-0.0577633146421188	0
1	590	0.58958958958959	-0.0576033558053806	0
1	591	0.590590590590591	-0.057443093963493	0
1	592	0.591591591591592	-0.0572825320336801	0
1	593	0.592592592592593	-0.0571216729331657	0
1	594	0.593593593593594	-0.0569605195791738	0
1	595	0.594594594594595	-0.0567990748889284	0
1	596	0.595595595595596	-0.0566373417796535	0
1	597	0.596596596596597	-0.0564753231685729	0
1	598	0.597597597597598	-0.0563130219729107	0
1	599	0.598598598598599	-0.0561504411098908	0
1	600	0.5995995995996	-0.0559875834967372	0
1	601	0.600600600600601	-0.0558244520506739	0
1	602	0.601601601601602	-0.0556610496889248	0
1	603	0.602602602602603	-0.0554973793287139	0
1	604	0.603603603603604	-0.0553334438872651	0
1	605	0.604604604604605	-0.0551692462818024	0
1	606	0.605605605605606	-0.0550047894295499	0
1	607	0.606606606606607	-0.0548400762477314	0
1	608	0.607607607607608	-0.0546751096535708	0
1	609	0.608608608608609	-0.0545098925642922	0
1	610	0.60960960960961	-0.0543444278971195	0
1	611	0.610610610610611	-0.0541787185692768	0
1	612	0.611611611611612	-0.0540127674979877	0
1	613	0.612612612612613	-0.0538465776004767	0
1	614	0.613613613613614	-0.0536801517939673	0
1	615	0.614614614614615	-0.0535134929956837	0
1	616	0.615615615615616	-0.0533466041228498	0
1	617	0.616616616616617	-0.0531794880926896	0
1	618	0.617617617617618	-0.053012147822427	0
1	619	0.618618618618619	-0.052844586229286	0
1	620	0.61961961961962	-0.0526768062304906	0
1	621	0.620620620620621	-0.0525088107432646	0
1	622	0.621621621621622	-0.0523406026848322	0
1	623	0.622622622622623	-0.0521721849724172	0
1	624	0.623623623623624	-0.0520035605232436	0
1	625	0.624624624624625	-0.0518347322545354	0
1	626	0.625625625625626	-0.0516657030835165	0
1	627	0.626626626626627	-0.0514964759274109	0
1	628	0.627627627627628	-0.0513270537034426	0
1	629	0.628628628628629	-0.0511574393288355	0
1	630	0.62962962962963	-0.0509876357208137	0
1	631	0.630630630630631	-0.0508176457966009	0
1	632	0.631631631631632	-0.0506474724734213	0
1	633	0.632632632632633	-0.0504771186684987	0
1	634	0.633633633633634	-0.0503065872990572	0
1	635	0.634634634634635	-0.0501358812823207	0
1	636	0.635635635635636	-0.0499650035355133	0
1	637	0.636636636636637	-0.0497939569758586	0
1	638	0.637637637637638	-0.0496227445205809	0
1	639	0.638638638638639	-0.0494513690869041	0
1	640	0.63963963963964	-0.049279833592052	0
1	641	0.640640640640641	-0.0491081409532488	0
1	642	0.641641641641642	-0.0489362940877183	0
1	643	0.642642642642643	-0.0487642959126844	0
1	644	0.643643643643644	-0.0485921493453715	0
1	645	0.644644644644645	-0.048419857303003	0
1	646	0.645645645645646	-0.0482474227028031	0
1	647	0.646646646646647	-0.0480748484619958	0
1	648	0.647647647647648	-0.047902137497805	0
1	649	0.648648648648649	-0.0477292927274547	0
1	650	0.64964964964965	-0.0475563170681688	0
1	651	0.650650650650651	-0.0473832134371715	0
1	652	0.651651651651652	-0.0472099847516865	0
1	653	0.652652652652653	-0.0470366339289378	0
1	654	0.653653653653654	-0.0468631638861494	0
1	655	0.654654654654655	-0.0466895775405453	0
1	656	0.655655655655656	-0.0465158778093495	0
1	657	0.656656656656657	-0.0463420676097857	0
1	658	0.657657657657658	-0.0461681498590782	0
1	659	0.658658658658659	-0.0459941274744508	0
1	660	0.65965965965966	-0.0458200033731275	0
1	661	0.660660660660661	-0.0456457804723323	0
1	662	0.661661661661662	-0.045471461689289	0
1	663	0.662662662662663	-0.0452970499412217	0
1	664	0.663663663663664	-0.0451225481453543	0
1	665	0.664664664664665	-0.0449479592189109	0
1	666	0.665665665665666	-0.0447732860791155	0
1	667	0.666666666666667	-0.0445985316431917	0
1	668	0.667667667667668	-0.0444236988283637	0
1	669	0.668668668668669	-0.0442487905518555	0
1	670	0.66966966966967	-0.044073809730891	0
1	671	0.670670670670671	-0.0438987592826943	0
1	672	0.671671671671672	-0.0437236421244891	0
1	673	0.672672672672673	-0.0435484611734996	0
1	674	0.673673673673674	-0.0433732193469497	0
1	675	0.674674674674675	-0.0431979195620632	0
1	676	0.675675675675676	-0.0430225647360643	0
1	677	0.676676676676677	-0.0428471577861768	0
1	678	0.677677677677678	-0.0426717016296247	0
1	679	0.678678678678679	-0.0424961991836321	0
1	680	0.67967967967968	-0.0423206533654228	0
1	681	0.680680680680681	-0.0421450670922208	0
1	682	0.681681681681682	-0.0419694432812501	0
1	683	0.682682682682683	-0.0417937848497346	0
1	684	0.683683683683684	-0.0416180947148984	0
1	685	0.684684684684685	-0.0414423757939652	0
1	686	0.685685685685686	-0.0412666310041593	0
1	687	0.686686686686687	-0.0410908632627044	0
1	688	0.687687687687688	-0.0409150754868246	0
1	689	0.688688688688689	-0.0407392705937438	0
1	690	0.68968968968969	-0.040563451500686	0
1	691	0.690690690690691	-0.0403876211248751	0
1	692	0.691691691691692	-0.0402117823835351	0
1	693	0.692692692692693	-0.0400359381938901	0
1	694	0.693693693693694	-0.0398600914731637	0
1	695	0.694694694694695	-0.0396842451385803	0
1	696	0.695695695695696	-0.0395084021073636	0
1	697	0.696696696696697	-0.0393325652967377	0
1	698	0.697697697697698	-0.0391567376239264	0
1	699	0.698698698698699	-0.0389809220061537	0
1	700	0.6996996996997	-0.0388051213606437	0
1	701	0.700700700700701	-0.0386293386046203	0
1	702	0.701701701701702	-0.0384535766553074	0
1	703	0.702702702702703	-0.038277838429929	0
1	704	0.703703703703704	-0.0381021268457091	0
1	705	0.704704704704705	-0.0379264448198716	0
1	706	0.705705705705706	-0.0377507952696405	0
1	707	0.706706706706707	-0.0375751811122398	0
1	708	0.707707707707708	-0.0373996052648934	0
1	709	0.708708708708709	-0.0372240706448254	0
1	710	0.70970970970971	-0.0370485801692593	0
1	711	0.710710710710711	-0.0368731367554198	0
1	712	0.711711711711712	-0.0366977433205303	0
1	713	0.712712712712713	-0.036522402781815	0
1	714	0.713713713713714	-0.0363471180564977	0
1	715	0.714714714714715	-0.0361718920618024	0
1	716	0.715715715715716	-0.0359967277149533	0
1	717	0.716716716716717	-0.0358216279331741	0
1	718	0.717717717717718	-0.0356465956336889	0
1	719	0.718718718718719	-0.0354716337337216	0
1	720	0.71971971971972	-0.0352967451504962	0
1	721	0.720720720720721	-0.0351219328012366	0
1	722	0.721721721721722	-0.0349471996031668	0
1	723	0.722722722722723	-0.0347725484735107	0
1	724	0.723723723723724	-0.0345979823294925	0
1	725	0.724724724724725	-0.034423504088336	0
1	726	0.725725725725726	-0.034249116667265	0
1	727	0.726726726726727	-0.0340748229835038	0
1	728	0.727727727727728	-0.0339006259542761	0
1	729	0.728728728728729	-0.033726528496806	0
1	730	0.72972972972973	-0.0335525335283173	0
1	731	0.730730730730731	-0.0333786439660341	0
1	732	0.731731731731732	-0.0332048627271804	0
1	733	0.732732732732733	-0.0330311927289801	0
1	734	0.733733733733734	-0.0328576368886571	0
1	735	0.734734734734735	-0.0326841981234355	0
1	736	0.735735735735736	-0.032510879350539	0
1	737	0.736736736736737	-0.0323376834871921	0
1	738	0.737737737737738	-0.0321646134506182	0
1	739	0.738738738738739	-0.0319916721580415	0
1	740	0.73973973973974	-0.0318188625266859	0
1	741	0.740740740740741	-0.0316461874737755	0
1	742	0.741741741741742	-0.0314736499165341	0
1	743	0.742742742742743	-0.0313012527721858	0
1	744	0.743743743743744	-0.0311289989579545	0
1	745	0.744744744744745	-0.0309568913910641	0
1	746	0.745745745745746	-0.0307849329887386	0
1	747	0.746746746746747	-0.0306131266682021	0
1	748	0.747747747747748	-0.0304414753466783	0
1	749	0.748748748748749	-0.0302699819413915	0
1	750	0.74974974974975	-0.0300986493695653	0
1	751	0.750750750750751	-0.029927480548424	0
1	752	0.751751751751752	-0.0297564783951913	0
1	753	0.752752752752753	-0.0295856458270913	0
1	754	0.753753753753754	-0.0294149857613479	0
1	755	0.754754754754755	-0.0292445011151851	0
1	756	0.755755755755756	-0.0290741948058268	0
1	757	0.756756756756757	-0.0289040697504972	0
1	758	0.757757757757758	-0.02873412886642	0
1	759	0.758758758758759	-0.0285643750708192	0
1	760	0.75975975975976	-0.0283948112809188	0
1	761	0.760760760760761	-0.0282254404139428	0
1	762	0.761761761761762	-0.028056265387115	0
1	763	0.762762762762763	-0.0278872891176598	0
1	764	0.763763763763764	-0.0277185145228006	0
1	765	0.764764764764765	-0.0275499445197618	0
1	766	0.765765765765766	-0.0273815820257671	0
1	767	0.766766766766767	-0.0272134299580407	0
1	768	0.767767767767768	-0.0270454912338061	0
1	769	0.768768768768769	-0.0268777687702877	0
1	770	0.76976976976977	-0.0267102654847095	0
1	771	0.770770770770771	-0.0265429842942952	0
1	772	0.771771771771772	-0.0263759281162688	0
1	773	0.772772772772773	-0.0262090998678545	0
1	774	0.773773773773774	-0.026042502466276	0
1	775	0.774774774774775	-0.0258761388287573	0
1	776	0.775775775775776	-0.0257100118725224	0
1	777	0.776776776776777	-0.0255441245147954	0
1	778	0.777777777777778	-0.0253784796728002	0
1	779	0.778778778778779	-0.0252130802637606	0
1	780	0.77977977977978	-0.0250479292049007	0
1	781	0.780780780780781	-0.0248830294134444	0
1	782	0.781781781781782	-0.0247183838066158	0
1	783	0.782782782782783	-0.0245539953016385	0
1	784	0.783783783783784	-0.024389866815737	0
1	785	0.784784784784785	-0.024226001266135	0
1	786	0.785785785785786	-0.0240624015700564	0
1	787	0.786786786786787	-0.0238990706447251	0
1	788	0.787787787787788	-0.0237360114073653	0
1	789	0.788788788788789	-0.0235732267752007	0
1	790	0.78978978978979	-0.0234107196654555	0
1	791	0.790790790790791	-0.0232484929953535	0
1	792	0.791791791791792	-0.0230865496821189	0
1	793	0.792792792792793	-0.0229248926429754	0
1	794	0.793793793793794	-0.022763524795147	0
1	795	0.794794794794795	-0.0226024490558578	0
1	796	0.795795795795796	-0.0224416683423317	0
1	797	0.796796796796797	-0.0222811855717927	0
1	798	0.797797797797798	-0.0221210036614646	0
1	799	0.798798798798799	-0.0219611255285715	0
1	800	0.7997997997998	-0.0218015540903374	0
1	801	0.800800800800801	-0.0216422922639861	0
1	802	0.801801801801802	-0.0214833429667416	0
1	803	0.802802802802803	-0.0213247091158281	0
1	804	0.803803803803804	-0.0211663936284694	0
1	805	0.804804804804805	-0.0210083994218893	0
1	806	0.805805805805806	-0.020850729413312	0
1	807	0.806806806806807	-0.0206933865199614	0
1	808	0.807807807807808	-0.0205363736590614	0
1	809	0.808808808808809	-0.020379693747836	0
1	810	0.80980980980981	-0.0202233497035093	0
1	811	0.810810810810811	-0.0200673444433049	0
1	812	0.811811811811812	-0.0199116808844472	0
1	813	0.812812812812813	-0.01975636194416	0
1	814	0.813813813813814	-0.019601390539667	0
1	815	0.814814814814815	-0.0194467695881926	0
1	816	0.815815815815816	-0.0192925020069605	0
1	817	0.816816816816817	-0.0191385907131945	0
1	818	0.817817817817818	-0.0189850386241191	0
1	819	0.818818818818819	-0.0188318486569578	0
1	820	0.81981981981982	-0.0186790237289346	0
1	821	0.820820820820821	-0.0185265667572735	0
1	822	0.821821821821822	-0.0183744806591988	0
1	823	0.822822822822823	-0.0182227683519341	0
1	824	0.823823823823824	-0.0180714327527034	0
1	825	0.824824824824825	-0.0179204767787309	0
1	826	0.825825825825826	-0.0177699033472401	0
1	827	0.826826826826827	-0.0176197153754554	0
1	828	0.827827827827828	-0.0174699157806006	0
1	829	0.828828828828829	-0.0173205074798996	0
1	830	0.82982982982983	-0.0171714933905765	0
1	831	0.830830830830831	-0.0170228764298551	0
1	832	0.831831831831832	-0.0168746595149596	0
1	833	0.832832832832833	-0.0167268455631139	0
1	834	0.833833833833834	-0.0165794374915418	0
1	835	0.834834834834835	-0.0164324382174672	0
1	836	0.835835835835836	-0.0162858506581144	0
1	837	0.836836836836837	-0.0161396777307071	0
1	838	0.837837837837838	-0.0159939223524694	0
1	839	0.838838838838839	-0.015848587440625	0
1	840	0.83983983983984	-0.0157036759123983	0
1	841	0.840840840840841	-0.015559190685013	0
1	842	0.841841841841842	-0.0154151346756931	0
1	843	0.842842842842843	-0.0152715108016624	0
1	844	0.843843843843844	-0.0151283219801451	0
1	845	0.844844844844845	-0.0149855711283651	0
1	846	0.845845845845846	-0.0148432611635465	0
1	847	0.846846846846847	-0.0147013950029128	0
1	848	0.847847847847848	-0.0145599755636885	0
1	849	0.848848848848849	-0.0144190057630973	0
1	850	0.84984984984985	-0.0142784885183632	0
1	851	0.850850850850851	-0.0141384267467102	0
1	852	0.851851851851852	-0.0139988233653622	0
1	853	0.852852852852853	-0.0138596812915431	0
1	854	0.853853853853854	-0.0137210034424768	0
1	855	0.854854854854855	-0.0135827927353876	0
1	856	0.855855855855856	-0.0134450520874995	0
1	857	0.856856856856857	-0.013307784416036	0
1	858	0.857857857857858	-0.0131709926382214	0
1	859	0.858858858858859	-0.0130346796712795	0
1	860	0.85985985985986	-0.0128988484324343	0
1	861	0.860860860860861	-0.0127635018389098	0
1	862	0.861861861861862	-0.0126286428079301	0
1	863	0.862862862862863	-0.012494274256719	0
1	864	0.863863863863864	-0.0123603991025003	0
1	865	0.864864864864865	-0.0122270202624982	0
1	866	0.865865865865866	-0.0120941406539367	0
1	867	0.866866866866867	-0.0119617631940397	0
1	868	0.867867867867868	-0.0118298908000312	0
1	869	0.868868868868869	-0.0116985263891348	0
1	870	0.86986986986987	-0.011567672878575	0
1	871	0.870870870870871	-0.0114373331855755	0
1	872	0.871871871871872	-0.0113075102273602	0
1	873	0.872872872872873	-0.0111782069211533	0
1	874	0.873873873873874	-0.0110494261841785	0
1	875	0.874874874874875	-0.01092117093366	0
1	876	0.875875875875876	-0.0107934440868214	0
1	877	0.876876876876877	-0.0106662485608871	0
1	878	0.877877877877878	-0.0105395872730809	0
1	879	0.878878878878879	-0.0104134631406267	0
1	880	0.87987987987988	-0.0102878790807484	0
1	881	0.880880880880881	-0.0101628380106702	0
1	882	0.881881881881882	-0.0100383428476158	0
1	883	0.882882882882883	-0.00991439650880938	0
1	884	0.883883883883884	-0.00979100191147481	0
1	885	0.884884884884885	-0.00966816197283599	0
1	886	0.885885885885886	-0.00954587961011688	0
1	887	0.886886886886887	-0.00942415774054156	0
1	888	0.887887887887888	-0.0093029992813341	0
1	889	0.888888888888889	-0.00918240714971807	0
1	890	0.88988988988989	-0.00906238426291783	0
1	891	0.890890890890891	-0.00894293353815717	0
1	892	0.891891891891892	-0.00882405789266005	0
1	893	0.892892892892893	-0.0087057602436505	0
1	894	0.893893893893894	-0.00858804350835235	0
1	895	0.894894894894895	-0.00847091060398969	0
1	896	0.895895895895896	-0.00835436444778631	0
1	897	0.896896896896897	-0.00823840795696645	0
1	898	0.897897897897898	-0.00812304404875375	0
1	899	0.898898898898899	-0.00800827564037243	0
1	900	0.8998998998999	-0.00789410564904658	0
1	901	0.900900900900901	-0.00778053699199965	0
1	902	0.901901901901902	-0.00766757258645612	0
1	903	0.902902902902903	-0.00755521534963965	0
1	904	0.903903903903904	-0.00744346819877439	0
1	905	0.904904904904905	-0.00733233405108413	0
1	906	0.905905905905906	-0.00722181582379283	0
1	907	0.906906906906907	-0.00711191643412468	0
1	908	0.907907907907908	-0.0070026387993033	0
1	909	0.908908908908909	-0.00689398583655298	0
1	910	0.90990990990991	-0.00678596046309754	0
1	911	0.910910910910911	-0.00667856559616109	0
1	912	0.911911911911912	-0.00657180415296732	0
1	913	0.912912912912913	-0.00646567905074019	0
1	914	0.913913913913914	-0.00636019320670411	0
1	915	0.914914914914915	-0.0062553495380826	0
1	916	0.915915915915916	-0.00615115096209973	0
1	917	0.916916916916917	-0.00604760039597946	0
1	918	0.917917917917918	-0.00594470075694592	0
1	919	0.918918918918919	-0.00584245496222291	0
1	920	0.91991991991992	-0.00574086592903439	0
1	921	0.920920920920921	-0.00563993657460432	0
1	922	0.921921921921922	-0.00553966981615672	0
1	923	0.922922922922923	-0.00544006857091567	0
1	924	0.923923923923924	-0.00534113575610479	0
1	925	0.924924924924925	-0.00524287428894832	0
1	926	0.925925925925926	-0.00514528708667017	0
1	927	0.926926926926927	-0.00504837706649441	0
1	928	0.927927927927928	-0.00495214714564479	0
1	929	0.928928928928929	-0.00485660024134532	0
1	930	0.92992992992993	-0.00476173927082008	0
1	931	0.930930930930931	-0.00466756715129291	0
1	932	0.931931931931932	-0.00457408679998778	0
1	933	0.932932932932933	-0.00448130113412887	0
1	934	0.933933933933934	-0.00438921307093965	0
1	935	0.934934934934935	-0.00429782552764468	0
1	936	0.935935935935936	-0.00420714142146761	0
1	937	0.936936936936937	-0.00411716366963233	0
1	938	0.937937937937938	-0.00402789518936303	0
1	939	0.938938938938939	-0.00393933889788345	0
1	940	0.93993993993994	-0.00385149771241777	0
1	941	0.940940940940941	-0.00376437455018985	0
1	942	0.941941941941942	-0.00367797232842365	0
1	943	0.942942942942943	-0.00359229396434302	0
1	944	0.943943943943944	-0.00350734237517197	0
1	945	0.944944944944945	-0.00342312047813481	0
1	946	0.945945945945946	-0.00333963119045499	0
1	947	0.946946946946947	-0.00325687742935682	0
1	948	0.947947947947948	-0.00317486211206408	0
1	949	0.948948948948949	-0.0030935881558008	0
1	950	0.94994994994995	-0.00301305847779104	0
1	951	0.950950950950951	-0.0029332759952585	0
1	952	0.951951951951952	-0.00285424362542736	0
1	953	0.952952952952953	-0.00277596428552163	0
1	954	0.953953953953954	-0.00269844089276505	0
1	955	0.954954954954955	-0.00262167636438188	0
1	956	0.955955955955956	-0.00254567361759572	0
1	957	0.956956956956957	-0.00247043556963078	0
1	958	0.957957957957958	-0.0023959651377109	0
1	959	0.958958958958959	-0.00232226523906032	0
1	960	0.95995995995996	-0.00224933879090272	0
1	961	0.960960960960961	-0.00217718871046202	0
1	962	0.961961961961962	-0.00210581791496234	0
1	963	0.962962962962963	-0.00203522932162781	0
1	964	0.963963963963964	-0.00196542584768189	0
1	965	0.964964964964965	-0.00189641041034894	0
1	966	0.965965965965966	-0.00182818592685297	0
1	967	0.966966966966967	-0.00176075531441766	0
1	968	0.967967967967968	-0.00169412149026715	0
1	969	0.968968968968969	-0.00162828737162535	0
1	970	0.96996996996997	-0.00156325587571615	0
1	971	0.970970970970971	-0.00149902991976369	0
1	972	0.971971971971972	-0.00143561242099188	0
1	973	0.972972972972973	-0.00137300629662462	0
1	974	0.973973973973974	-0.00131121446388593	0
1	975	0.974974974974975	-0.00125023983999972	0
1	976	0.975975975975976	-0.00119008534218989	0
1	977	0.976976976976977	-0.00113075388768058	0
1	978	0.977977977977978	-0.00107224839369569	0
1	979	0.978978978978979	-0.00101457177745901	0
1	980	0.97997997997998	-0.000957726956194782	0
1	981	0.980980980980981	-0.00090171684712681	0
1	982	0.981981981981982	-0.000846544367478996	0
1	983	0.982982982982983	-0.000792212434475692	0
1	984	0.983983983983984	-0.000738723965340249	0
1	985	0.984984984984985	-0.000686081877297129	0
1	986	0.985985985985986	-0.000634289087569795	0
1	987	0.986986986986987	-0.000583348513382709	0
1	988	0.987987987987988	-0.000533263071959778	0
1	989	0.988988988988989	-0.000484035680524575	0
1	990	0.98998998998999	-0.000435669256301674	0
1	991	0.990990990990991	-0.000388166716514315	0
1	992	0.991991991991992	-0.000341530978387183	0
1	993	0.992992992992993	-0.00029576495914363	0
1	994	0.993993993993994	-0.000250871576008116	0
1	995	0.994994994994995	-0.000206853746204216	0
1	996	0.995995995995996	-0.000163714386955949	0
1	997	0.996996996996997	-0.000121456415487553	0
1	998	0.997997997997998	-8.00827490227141e-05	0
1	999	0.998998998998999	-3.95963047855608e-05	0
1	1000	1	0	0
