1	1	0	0	0
1	2	0.001001001001001	0.000198299804566257	0
1	3	0.002002002002002	0.000396202214734585	0
1	4	0.003003003003003	0.000593707230504986	0
1	5	0.004004004004004	0.000790814851877458	0
1	6	0.005005005005005	0.000987525078852003	0
1	7	0.00600600600600601	0.00118383791142862	0
1	8	0.00700700700700701	0.00137975334960731	0
1	9	0.00800800800800801	0.00157527139338807	0
1	10	0.00900900900900901	0.0017703920427709	0
1	11	0.01001001001001	0.0019651152977558	0
1	12	0.011011011011011	0.00215944115834278	0
1	13	0.012012012012012	0.00235336962453183	0
1	14	0.013013013013013	0.00254690069632295	0
1	15	0.014014014014014	0.00274003437371614	0
1	16	0.015015015015015	0.0029327706567114	0
1	17	0.016016016016016	0.00312510954530873	0
1	18	0.017017017017017	0.00331705103950814	0
1	19	0.018018018018018	0.00350859513930962	0
1	20	0.019019019019019	0.00369974184471317	0
1	21	0.02002002002002	0.00389049115571879	0
1	22	0.021021021021021	0.00408084307232649	0
1	23	0.022022022022022	0.00427079759453626	0
1	24	0.023023023023023	0.00446035472234809	0
1	25	0.024024024024024	0.004649514455762	0
1	26	0.025025025025025	0.00483827679477799	0
1	27	0.026026026026026	0.00502664173939604	0
1	28	0.027027027027027	0.00521460928961617	0
1	29	0.028028028028028	0.00540217944543836	0
1	30	0.029029029029029	0.00558935220686263	0
1	31	0.03003003003003	0.00577612757388897	0
1	32	0.031031031031031	0.00596250554651739	0
1	33	0.032032032032032	0.00614848612474787	0
1	34	0.033033033033033	0.00633406930858043	0
1	35	0.034034034034034	0.00651925509801506	0
1	36	0.035035035035035	0.00670404349305176	0
1	37	0.036036036036036	0.00688843449369053	0
1	38	0.037037037037037	0.00707242809993138	0
1	39	0.038038038038038	0.00725602431177429	0
1	40	0.039039039039039	0.00743922312921928	0
1	41	0.04004004004004	0.00762202455226634	0
1	42	0.041041041041041	0.00780442858091547	0
1	43	0.042042042042042	0.00798643521516668	0
1	44	0.043043043043043	0.00816804445501995	0
1	45	0.044044044044044	0.0083492563004753	0
1	46	0.045045045045045	0.00853007075153272	0
1	47	0.046046046046046	0.00871048780819221	0
1	48	0.047047047047047	0.00889050747045378	0
1	49	0.048048048048048	0.00907012973831741	0
1	50	0.049049049049049	0.00924935461178312	0
1	51	0.0500500500500501	0.0094281820908509	0
1	52	0.0510510510510511	0.00960661217552075	0
1	53	0.0520520520520521	0.00978464486579267	0
1	54	0.0530530530530531	0.00996228016166666	0
1	55	0.0540540540540541	0.0101395180631427	0
1	56	0.0550550550550551	0.0103163585702209	0
1	57	0.0560560560560561	0.0104928016829011	0
1	58	0.0570570570570571	0.0106688474011834	0
1	59	0.0580580580580581	0.0108444957250677	0
1	60	0.0590590590590591	0.0110197466545541	0
1	61	0.0600600600600601	0.0111946001896426	0
1	62	0.0610610610610611	0.0113690563303332	0
1	63	0.0620620620620621	0.0115431150766258	0
1	64	0.0630630630630631	0.0117167764285206	0
1	65	0.0640640640640641	0.0118900403860173	0
1	66	0.0650650650650651	0.0120629069491162	0
1	67	0.0660660660660661	0.0122353761178171	0
1	68	0.0670670670670671	0.0124074478921201	0
1	69	0.0680680680680681	0.0125791222720252	0
1	70	0.0690690690690691	0.0127503992575323	0
1	71	0.0700700700700701	0.0129212788486416	0
1	72	0.0710710710710711	0.0130917610453528	0
1	73	0.0720720720720721	0.0132618458476662	0
1	74	0.0730730730730731	0.0134315332555816	0
1	75	0.0740740740740741	0.0136008232690991	0
1	76	0.0750750750750751	0.0137697158882187	0
1	77	0.0760760760760761	0.0139382111129404	0
1	78	0.0770770770770771	0.0141063089432641	0
1	79	0.0780780780780781	0.0142740093791899	0
1	80	0.0790790790790791	0.0144413124207177	0
1	81	0.0800800800800801	0.0146082180678477	0
1	82	0.0810810810810811	0.0147747263205797	0
1	83	0.0820820820820821	0.0149408371789138	0
1	84	0.0830830830830831	0.0151065506428499	0
1	85	0.0840840840840841	0.0152718667123881	0
1	86	0.0850850850850851	0.0154367853875284	0
1	87	0.0860860860860861	0.0156013066682708	0
1	88	0.0870870870870871	0.0157654305546152	0
1	89	0.0880880880880881	0.0159291570465617	0
1	90	0.0890890890890891	0.0160924861441103	0
1	91	0.0900900900900901	0.016255417847261	0
1	92	0.0910910910910911	0.0164179521560137	0
1	93	0.0920920920920921	0.0165800890703685	0
1	94	0.0930930930930931	0.0167418285903253	0
1	95	0.0940940940940941	0.0169031707158843	0
1	96	0.0950950950950951	0.0170641154470453	0
1	97	0.0960960960960961	0.0172246627838084	0
1	98	0.0970970970970971	0.0173848127261735	0
1	99	0.0980980980980981	0.0175445652741408	0
1	100	0.0990990990990991	0.0177039204277101	0
1	101	0.1001001001001	0.0178628781868814	0
1	102	0.101101101101101	0.0180214385516549	0
1	103	0.102102102102102	0.0181796015220304	0
1	104	0.103103103103103	0.018337367098008	0
1	105	0.104104104104104	0.0184947352795876	0
1	106	0.105105105105105	0.0186517060667694	0
1	107	0.106106106106106	0.0188082794595532	0
1	108	0.107107107107107	0.018964455457939	0
1	109	0.108108108108108	0.019120234061927	0
1	110	0.109109109109109	0.019275615271517	0
1	111	0.11011011011011	0.0194305990867091	0
1	112	0.111111111111111	0.0195851855075032	0
1	113	0.112112112112112	0.0197393745338995	0
1	114	0.113113113113113	0.0198931661658978	0
1	115	0.114114114114114	0.0200465604034982	0
1	116	0.115115115115115	0.0201995572467006	0
1	117	0.116116116116116	0.0203521566955051	0
1	118	0.117117117117117	0.0205043587499117	0
1	119	0.118118118118118	0.0206561634099204	0
1	120	0.119119119119119	0.0208075706755311	0
1	121	0.12012012012012	0.0209585805467439	0
1	122	0.121121121121121	0.0211091930235588	0
1	123	0.122122122122122	0.0212594081059758	0
1	124	0.123123123123123	0.0214092257939948	0
1	125	0.124124124124124	0.0215586460876159	0
1	126	0.125125125125125	0.021707668986839	0
1	127	0.126126126126126	0.0218562944916643	0
1	128	0.127127127127127	0.0220045226020916	0
1	129	0.128128128128128	0.022152353318121	0
1	130	0.129129129129129	0.0222997866397524	0
1	131	0.13013013013013	0.0224468225669859	0
1	132	0.131131131131131	0.0225934610998215	0
1	133	0.132132132132132	0.0227397022382592	0
1	134	0.133133133133133	0.022885545982299	0
1	135	0.134134134134134	0.0230309923319408	0
1	136	0.135135135135135	0.0231760412871846	0
1	137	0.136136136136136	0.0233206928480306	0
1	138	0.137137137137137	0.0234649470144786	0
1	139	0.138138138138138	0.0236088037865287	0
1	140	0.139139139139139	0.0237522631641809	0
1	141	0.14014014014014	0.0238953251474351	0
1	142	0.141141141141141	0.0240379897362915	0
1	143	0.142142142142142	0.0241802569307498	0
1	144	0.143143143143143	0.0243221267308103	0
1	145	0.144144144144144	0.0244635991364728	0
1	146	0.145145145145145	0.0246046741477374	0
1	147	0.146146146146146	0.0247453517646041	0
1	148	0.147147147147147	0.0248856319870729	0
1	149	0.148148148148148	0.0250255148151437	0
1	150	0.149149149149149	0.0251650002488166	0
1	151	0.15015015015015	0.0253040882880915	0
1	152	0.151151151151151	0.0254427789329685	0
1	153	0.152152152152152	0.0255810721834477	0
1	154	0.153153153153153	0.0257189680395288	0
1	155	0.154154154154154	0.0258564665012121	0
1	156	0.155155155155155	0.0259935675684974	0
1	157	0.156156156156156	0.0261302712413848	0
1	158	0.157157157157157	0.0262665775198743	0
1	159	0.158158158158158	0.0264024864039658	0
1	160	0.159159159159159	0.0265379978936594	0
1	161	0.16016016016016	0.0266731119889551	0
1	162	0.161161161161161	0.0268078286898528	0
1	163	0.162162162162162	0.0269421479963526	0
1	164	0.163163163163163	0.0270760699084545	0
1	165	0.164164164164164	0.0272095944261585	0
1	166	0.165165165165165	0.0273427215494645	0
1	167	0.166166166166166	0.0274754512783726	0
1	168	0.167167167167167	0.0276077836128828	0
1	169	0.168168168168168	0.0277397185529951	0
1	170	0.169169169169169	0.0278712560987094	0
1	171	0.17017017017017	0.0280023962500258	0
1	172	0.171171171171171	0.0281331390069443	0
1	173	0.172172172172172	0.0282634843694648	0
1	174	0.173173173173173	0.0283934323375874	0
1	175	0.174174174174174	0.0285229829113121	0
1	176	0.175175175175175	0.0286521360906389	0
1	177	0.176176176176176	0.0287808918755677	0
1	178	0.177177177177177	0.0289092502660986	0
1	179	0.178178178178178	0.0290372112622316	0
1	180	0.179179179179179	0.0291647748639666	0
1	181	0.18018018018018	0.0292919410713037	0
1	182	0.181181181181181	0.0294187098842429	0
1	183	0.182182182182182	0.0295450813027841	0
1	184	0.183183183183183	0.0296710553269275	0
1	185	0.184184184184184	0.0297966319566729	0
1	186	0.185185185185185	0.0299218111920203	0
1	187	0.186186186186186	0.0300465930329699	0
1	188	0.187187187187187	0.0301709774795215	0
1	189	0.188188188188188	0.0302949645316752	0
1	190	0.189189189189189	0.030418554189431	0
1	191	0.19019019019019	0.0305417464527888	0
1	192	0.191191191191191	0.0306645413217487	0
1	193	0.192192192192192	0.0307869387963107	0
1	194	0.193193193193193	0.0309089388764747	0
1	195	0.194194194194194	0.0310305415622408	0
1	196	0.195195195195195	0.031151746853609	0
1	197	0.196196196196196	0.0312725547505793	0
1	198	0.197197197197197	0.0313929652531516	0
1	199	0.198198198198198	0.031512978361326	0
1	200	0.199199199199199	0.0316325940751025	0
1	201	0.2002002002002	0.031751812394481	0
1	202	0.201201201201201	0.0318706333194617	0
1	203	0.202202202202202	0.0319890568500444	0
1	204	0.203203203203203	0.0321070829862291	0
1	205	0.204204204204204	0.032224711728016	0
1	206	0.205205205205205	0.0323419430754049	0
1	207	0.206206206206206	0.0324587770283958	0
1	208	0.207207207207207	0.0325752135869889	0
1	209	0.208208208208208	0.032691252751184	0
1	210	0.209209209209209	0.0328068945209812	0
1	211	0.21021021021021	0.0329221388963805	0
1	212	0.211211211211211	0.0330369858773818	0
1	213	0.212212212212212	0.0331514354639852	0
1	214	0.213213213213213	0.0332654876561907	0
1	215	0.214214214214214	0.0333791424539982	0
1	216	0.215215215215215	0.0334923998574079	0
1	217	0.216216216216216	0.0336052598664196	0
1	218	0.217217217217217	0.0337177224810333	0
1	219	0.218218218218218	0.0338297877012492	0
1	220	0.219219219219219	0.0339414555270671	0
1	221	0.22022022022022	0.0340527259584871	0
1	222	0.221221221221221	0.0341635989955091	0
1	223	0.222222222222222	0.0342740746381333	0
1	224	0.223223223223223	0.0343841528863595	0
1	225	0.224224224224224	0.0344938337401877	0
1	226	0.225225225225225	0.0346031171996181	0
1	227	0.226226226226226	0.0347120032646505	0
1	228	0.227227227227227	0.034820491935285	0
1	229	0.228228228228228	0.0349285832115215	0
1	230	0.229229229229229	0.0350362770933601	0
1	231	0.23023023023023	0.0351435735808008	0
1	232	0.231231231231231	0.0352504726738436	0
1	233	0.232232232232232	0.0353569743724885	0
1	234	0.233233233233233	0.0354630786767354	0
1	235	0.234234234234234	0.0355687855865844	0
1	236	0.235235235235235	0.0356740951020354	0
1	237	0.236236236236236	0.0357790072230886	0
1	238	0.237237237237237	0.0358835219497438	0
1	239	0.238238238238238	0.035987639282001	0
1	240	0.239239239239239	0.0360913592198604	0
1	241	0.24024024024024	0.0361946817633218	0
1	242	0.241241241241241	0.0362976069123853	0
1	243	0.242242242242242	0.0364001346670508	0
1	244	0.243243243243243	0.0365022650273185	0
1	245	0.244244244244244	0.0366039979931882	0
1	246	0.245245245245245	0.03670533356466	0
1	247	0.246246246246246	0.0368062717417338	0
1	248	0.247247247247247	0.0369068125244097	0
1	249	0.248248248248248	0.0370069559126877	0
1	250	0.249249249249249	0.0371067019065678	0
1	251	0.25025025025025	0.0372060505060499	0
1	252	0.251251251251251	0.0373050017111341	0
1	253	0.252252252252252	0.0374035555218204	0
1	254	0.253253253253253	0.0375017119381087	0
1	255	0.254254254254254	0.0375994709599992	0
1	256	0.255255255255255	0.0376968325874917	0
1	257	0.256256256256256	0.0377937968205862	0
1	258	0.257257257257257	0.0378903636592829	0
1	259	0.258258258258258	0.0379865331035816	0
1	260	0.259259259259259	0.0380823051534823	0
1	261	0.26026026026026	0.0381776798089852	0
1	262	0.261261261261261	0.0382726570700901	0
1	263	0.262262262262262	0.0383672369367971	0
1	264	0.263263263263263	0.0384614194091062	0
1	265	0.264264264264264	0.0385552044870173	0
1	266	0.265265265265265	0.0386485921705305	0
1	267	0.266266266266266	0.0387415824596458	0
1	268	0.267267267267267	0.0388341753543632	0
1	269	0.268268268268268	0.0389263708546826	0
1	270	0.269269269269269	0.0390181689606041	0
1	271	0.27027027027027	0.0391095696721277	0
1	272	0.271271271271271	0.0392005729892533	0
1	273	0.272272272272272	0.039291178911981	0
1	274	0.273273273273273	0.0393813874403108	0
1	275	0.274274274274274	0.0394711985742426	0
1	276	0.275275275275275	0.0395606123137766	0
1	277	0.276276276276276	0.0396496286589126	0
1	278	0.277277277277277	0.0397382476096506	0
1	279	0.278278278278278	0.0398264691659908	0
1	280	0.279279279279279	0.039914293327933	0
1	281	0.28028028028028	0.0400017200954773	0
1	282	0.281281281281281	0.0400887494686236	0
1	283	0.282282282282282	0.0401753814473721	0
1	284	0.283283283283283	0.0402616160317226	0
1	285	0.284284284284284	0.0403474532216751	0
1	286	0.285285285285285	0.0404328930172298	0
1	287	0.286286286286286	0.0405179354183865	0
1	288	0.287287287287287	0.0406025804251453	0
1	289	0.288288288288288	0.0406868280375061	0
1	290	0.289289289289289	0.0407706782554691	0
1	291	0.29029029029029	0.0408541310790341	0
1	292	0.291291291291291	0.0409371865082011	0
1	293	0.292292292292292	0.0410198445429703	0
1	294	0.293293293293293	0.0411021051833415	0
1	295	0.294294294294294	0.0411839684293148	0
1	296	0.295295295295295	0.0412654342808901	0
1	297	0.296296296296296	0.0413465027380676	0
1	298	0.297297297297297	0.0414271738008471	0
1	299	0.298298298298298	0.0415074474692287	0
1	300	0.299299299299299	0.0415873237432123	0
1	301	0.3003003003003	0.041666802622798	0
1	302	0.301301301301301	0.0417458841079858	0
1	303	0.302302302302302	0.0418245681987757	0
1	304	0.303303303303303	0.0419028548951676	0
1	305	0.304304304304304	0.0419807441971616	0
1	306	0.305305305305305	0.0420582361047577	0
1	307	0.306306306306306	0.0421353306179558	0
1	308	0.307307307307307	0.0422120277367561	0
1	309	0.308308308308308	0.0422883274611583	0
1	310	0.309309309309309	0.0423642297911627	0
1	311	0.31031031031031	0.0424397347267691	0
1	312	0.311311311311311	0.0425148422679777	0
1	313	0.312312312312312	0.0425895524147882	0
1	314	0.313313313313313	0.0426638651672009	0
1	315	0.314314314314314	0.0427377805252156	0
1	316	0.315315315315315	0.0428112984888324	0
1	317	0.316316316316316	0.0428844190580513	0
1	318	0.317317317317317	0.0429571422328722	0
1	319	0.318318318318318	0.0430294680132952	0
1	320	0.319319319319319	0.0431013963993203	0
1	321	0.32032032032032	0.0431729273909474	0
1	322	0.321321321321321	0.0432440609881766	0
1	323	0.322322322322322	0.0433147971910079	0
1	324	0.323323323323323	0.0433851359994413	0
1	325	0.324324324324324	0.0434550774134767	0
1	326	0.325325325325325	0.0435246214331143	0
1	327	0.326326326326326	0.0435937680583538	0
1	328	0.327327327327327	0.0436625172891955	0
1	329	0.328328328328328	0.0437308691256392	0
1	330	0.329329329329329	0.043798823567685	0
1	331	0.33033033033033	0.0438663806153329	0
1	332	0.331331331331331	0.0439335402685828	0
1	333	0.332332332332332	0.0440003025274348	0
1	334	0.333333333333333	0.0440666673918889	0
1	335	0.334334334334334	0.0441326348619451	0
1	336	0.335335335335335	0.0441982049376033	0
1	337	0.336336336336336	0.0442633776188636	0
1	338	0.337337337337337	0.044328152905726	0
1	339	0.338338338338338	0.0443925307981904	0
1	340	0.339339339339339	0.0444565112962569	0
1	341	0.34034034034034	0.0445200943999255	0
1	342	0.341341341341341	0.0445832801091962	0
1	343	0.342342342342342	0.0446460684240689	0
1	344	0.343343343343343	0.0447084593445437	0
1	345	0.344344344344344	0.0447704528706205	0
1	346	0.345345345345345	0.0448320490022995	0
1	347	0.346346346346346	0.0448932477395805	0
1	348	0.347347347347347	0.0449540490824636	0
1	349	0.348348348348348	0.0450144530309488	0
1	350	0.349349349349349	0.045074459585036	0
1	351	0.35035035035035	0.0451340687447253	0
1	352	0.351351351351351	0.0451932805100166	0
1	353	0.352352352352352	0.0452520948809101	0
1	354	0.353353353353353	0.0453105118574056	0
1	355	0.354354354354354	0.0453685314395032	0
1	356	0.355355355355355	0.0454261536272028	0
1	357	0.356356356356356	0.0454833784205046	0
1	358	0.357357357357357	0.0455402058194084	0
1	359	0.358358358358358	0.0455966358239143	0
1	360	0.359359359359359	0.0456526684340222	0
1	361	0.36036036036036	0.0457083036497322	0
1	362	0.361361361361361	0.0457635414710443	0
1	363	0.362362362362362	0.0458183818979585	0
1	364	0.363363363363363	0.0458728249304747	0
1	365	0.364364364364364	0.045926870568593	0
1	366	0.365365365365365	0.0459805188123134	0
1	367	0.366366366366366	0.0460337696616358	0
1	368	0.367367367367367	0.0460866231165603	0
1	369	0.368368368368368	0.0461390791770869	0
1	370	0.369369369369369	0.0461911378432156	0
1	371	0.37037037037037	0.0462427991149463	0
1	372	0.371371371371371	0.0462940629922791	0
1	373	0.372372372372372	0.046344929475214	0
1	374	0.373373373373373	0.0463953985637509	0
1	375	0.374374374374374	0.0464454702578899	0
1	376	0.375375375375375	0.046495144557631	0
1	377	0.376376376376376	0.0465444214629742	0
1	378	0.377377377377377	0.0465933009739194	0
1	379	0.378378378378378	0.0466417830904667	0
1	380	0.379379379379379	0.0466898678126161	0
1	381	0.38038038038038	0.0467375551403676	0
1	382	0.381381381381381	0.0467848450737211	0
1	383	0.382382382382382	0.0468317376126767	0
1	384	0.383383383383383	0.0468782327572343	0
1	385	0.384384384384384	0.0469243305073941	0
1	386	0.385385385385385	0.0469700308631559	0
1	387	0.386386386386386	0.0470153338245198	0
1	388	0.387387387387387	0.0470602393914857	0
1	389	0.388388388388388	0.0471047475640537	0
1	390	0.389389389389389	0.0471488583422238	0
1	391	0.39039039039039	0.047192571725996	0
1	392	0.391391391391391	0.0472358877153702	0
1	393	0.392392392392392	0.0472788063103465	0
1	394	0.393393393393393	0.0473213275109249	0
1	395	0.394394394394394	0.0473634513171054	0
1	396	0.395395395395395	0.0474051777288879	0
1	397	0.396396396396396	0.0474465067462725	0
1	398	0.397397397397397	0.0474874383692591	0
1	399	0.398398398398398	0.0475279725978479	0
1	400	0.399399399399399	0.0475681094320387	0
1	401	0.4004004004004	0.0476078488718316	0
1	402	0.401401401401401	0.0476471909172265	0
1	403	0.402402402402402	0.0476861355682235	0
1	404	0.403403403403403	0.0477246828248226	0
1	405	0.404404404404404	0.0477628326870238	0
1	406	0.405405405405405	0.047800585154827	0
1	407	0.406406406406406	0.0478379402282324	0
1	408	0.407407407407407	0.0478748979072397	0
1	409	0.408408408408408	0.0479114581918492	0
1	410	0.409409409409409	0.0479476210820607	0
1	411	0.41041041041041	0.0479833865778743	0
1	412	0.411411411411411	0.04801875467929	0
1	413	0.412412412412412	0.0480537253863077	0
1	414	0.413413413413413	0.0480882986989275	0
1	415	0.414414414414414	0.0481224746171494	0
1	416	0.415415415415415	0.0481562531409734	0
1	417	0.416416416416416	0.0481896342703994	0
1	418	0.417417417417417	0.0482226180054275	0
1	419	0.418418418418418	0.0482552043460576	0
1	420	0.419419419419419	0.0482873932922899	0
1	421	0.42042042042042	0.0483191848441242	0
1	422	0.421421421421421	0.0483505790015606	0
1	423	0.422422422422422	0.048381575764599	0
1	424	0.423423423423423	0.0484121751332396	0
1	425	0.424424424424424	0.0484423771074821	0
1	426	0.425425425425425	0.0484721816873268	0
1	427	0.426426426426426	0.0485015888727736	0
1	428	0.427427427427427	0.0485305986638224	0
1	429	0.428428428428428	0.0485592110604732	0
1	430	0.429429429429429	0.0485874260627262	0
1	431	0.43043043043043	0.0486152436705812	0
1	432	0.431431431431431	0.0486426638840383	0
1	433	0.432432432432432	0.0486696867030975	0
1	434	0.433433433433433	0.0486963121277588	0
1	435	0.434434434434434	0.0487225401580221	0
1	436	0.435435435435435	0.0487483707938875	0
1	437	0.436436436436436	0.0487738040353549	0
1	438	0.437437437437437	0.0487988398824244	0
1	439	0.438438438438438	0.048823478335096	0
1	440	0.439439439439439	0.0488477193933697	0
1	441	0.44044044044044	0.0488715630572454	0
1	442	0.441441441441441	0.0488950093267233	0
1	443	0.442442442442442	0.0489180582018031	0
1	444	0.443443443443443	0.0489407096824851	0
1	445	0.444444444444444	0.0489629637687691	0
1	446	0.445445445445445	0.0489848204606552	0
1	447	0.446446446446446	0.0490062797581434	0
1	448	0.447447447447447	0.0490273416612336	0
1	449	0.448448448448448	0.049048006169926	0
1	450	0.449449449449449	0.0490682732842203	0
1	451	0.45045045045045	0.0490881430041168	0
1	452	0.451451451451451	0.0491076153296153	0
1	453	0.452452452452452	0.0491266902607159	0
1	454	0.453453453453453	0.0491453677974186	0
1	455	0.454454454454454	0.0491636479397233	0
1	456	0.455455455455455	0.0491815306876302	0
1	457	0.456456456456456	0.049199016041139	0
1	458	0.457457457457457	0.04921610400025	0
1	459	0.458458458458458	0.049232794564963	0
1	460	0.459459459459459	0.0492490877352781	0
1	461	0.46046046046046	0.0492649835111953	0
1	462	0.461461461461461	0.0492804818927145	0
1	463	0.462462462462462	0.0492955828798359	0
1	464	0.463463463463463	0.0493102864725593	0
1	465	0.464464464464464	0.0493245926708847	0
1	466	0.465465465465465	0.0493385014748123	0
1	467	0.466466466466466	0.0493520128843418	0
1	468	0.467467467467467	0.0493651268994735	0
1	469	0.468468468468468	0.0493778435202073	0
1	470	0.469469469469469	0.0493901627465431	0
1	471	0.47047047047047	0.049402084578481	0
1	472	0.471471471471471	0.0494136090160209	0
1	473	0.472472472472472	0.049424736059163	0
1	474	0.473473473473473	0.0494354657079071	0
1	475	0.474474474474474	0.0494457979622532	0
1	476	0.475475475475475	0.0494557328222015	0
1	477	0.476476476476476	0.0494652702877518	0
1	478	0.477477477477477	0.0494744103589042	0
1	479	0.478478478478478	0.0494831530356587	0
1	480	0.479479479479479	0.0494914983180152	0
1	481	0.48048048048048	0.0494994462059738	0
1	482	0.481481481481481	0.0495069966995345	0
1	483	0.482482482482482	0.0495141497986972	0
1	484	0.483483483483483	0.049520905503462	0
1	485	0.484484484484485	0.0495272638138289	0
1	486	0.485485485485485	0.0495332247297979	0
1	487	0.486486486486487	0.0495387882513689	0
1	488	0.487487487487487	0.049543954378542	0
1	489	0.488488488488488	0.0495487231113172	0
1	490	0.48948948948949	0.0495530944496944	0
1	491	0.49049049049049	0.0495570683936737	0
1	492	0.491491491491492	0.0495606449432551	0
1	493	0.492492492492492	0.0495638240984386	0
1	494	0.493493493493493	0.0495666058592241	0
1	495	0.494494494494495	0.0495689902256117	0
1	496	0.495495495495495	0.0495709771976014	0
1	497	0.496496496496497	0.0495725667751932	0
1	498	0.497497497497497	0.049573758958387	0
1	499	0.498498498498498	0.0495745537471829	0
1	500	0.4994994994995	0.0495749511415808	0
1	501	0.500500500500501	0.0495749511415809	0
1	502	0.501501501501502	0.049574553747183	0
1	503	0.502502502502503	0.0495737589583871	0
1	504	0.503503503503503	0.0495725667751934	0
1	505	0.504504504504504	0.0495709771976017	0
1	506	0.505505505505506	0.0495689902256121	0
1	507	0.506506506506507	0.0495666058592246	0
1	508	0.507507507507508	0.0495638240984391	0
1	509	0.508508508508508	0.0495606449432557	0
1	510	0.509509509509509	0.0495570683936744	0
1	511	0.510510510510511	0.0495530944496951	0
1	512	0.511511511511512	0.049548723111318	0
1	513	0.512512512512513	0.0495439543785429	0
1	514	0.513513513513513	0.0495387882513698	0
1	515	0.514514514514514	0.0495332247297989	0
1	516	0.515515515515516	0.0495272638138299	0
1	517	0.516516516516517	0.0495209055034631	0
1	518	0.517517517517518	0.0495141497986984	0
1	519	0.518518518518518	0.0495069966995357	0
1	520	0.519519519519519	0.0494994462059751	0
1	521	0.520520520520521	0.0494914983180166	0
1	522	0.521521521521522	0.0494831530356601	0
1	523	0.522522522522523	0.0494744103589057	0
1	524	0.523523523523523	0.0494652702877534	0
1	525	0.524524524524524	0.0494557328222031	0
1	526	0.525525525525526	0.0494457979622549	0
1	527	0.526526526526527	0.0494354657079088	0
1	528	0.527527527527528	0.0494247360591648	0
1	529	0.528528528528528	0.0494136090160228	0
1	530	0.529529529529529	0.0494020845784829	0
1	531	0.530530530530531	0.0493901627465451	0
1	532	0.531531531531532	0.0493778435202094	0
1	533	0.532532532532533	0.0493651268994757	0
1	534	0.533533533533533	0.0493520128843441	0
1	535	0.534534534534535	0.0493385014748145	0
1	536	0.535535535535536	0.0493245926708871	0
1	537	0.536536536536537	0.0493102864725617	0
1	538	0.537537537537538	0.0492955828798384	0
1	539	0.538538538538539	0.0492804818927171	0
1	540	0.53953953953954	0.0492649835111979	0
1	541	0.540540540540541	0.0492490877352808	0
1	542	0.541541541541542	0.0492327945649658	0
1	543	0.542542542542543	0.0492161040002528	0
1	544	0.543543543543544	0.0491990160411419	0
1	545	0.544544544544545	0.0491815306876331	0
1	546	0.545545545545546	0.0491636479397264	0
1	547	0.546546546546547	0.0491453677974217	0
1	548	0.547547547547548	0.0491266902607191	0
1	549	0.548548548548549	0.0491076153296185	0
1	550	0.54954954954955	0.0490881430041201	0
1	551	0.550550550550551	0.0490682732842237	0
1	552	0.551551551551552	0.0490480061699294	0
1	553	0.552552552552553	0.0490273416612371	0
1	554	0.553553553553554	0.0490062797581469	0
1	555	0.554554554554555	0.0489848204606588	0
1	556	0.555555555555556	0.0489629637687728	0
1	557	0.556556556556557	0.0489407096824888	0
1	558	0.557557557557558	0.0489180582018069	0
1	559	0.558558558558559	0.0488950093267271	0
1	560	0.55955955955956	0.0488715630572494	0
1	561	0.560560560560561	0.0488477193933737	0
1	562	0.561561561561562	0.0488234783351001	0
1	563	0.562562562562563	0.0487988398824285	0
1	564	0.563563563563564	0.0487738040353591	0
1	565	0.564564564564565	0.0487483707938917	0
1	566	0.565565565565566	0.0487225401580264	0
1	567	0.566566566566567	0.0486963121277631	0
1	568	0.567567567567568	0.0486696867031019	0
1	569	0.568568568568569	0.0486426638840428	0
1	570	0.56956956956957	0.0486152436705858	0
1	571	0.570570570570571	0.0485874260627308	0
1	572	0.571571571571572	0.0485592110604779	0
1	573	0.572572572572573	0.0485305986638271	0
1	574	0.573573573573574	0.0485015888727784	0
1	575	0.574574574574575	0.0484721816873317	0
1	576	0.575575575575576	0.0484423771074871	0
1	577	0.576576576576577	0.0484121751332446	0
1	578	0.577577577577578	0.0483815757646041	0
1	579	0.578578578578579	0.0483505790015657	0
1	580	0.57957957957958	0.0483191848441294	0
1	581	0.580580580580581	0.0482873932922951	0
1	582	0.581581581581582	0.048255204346063	0
1	583	0.582582582582583	0.0482226180054329	0
1	584	0.583583583583584	0.0481896342704048	0
1	585	0.584584584584585	0.0481562531409788	0
1	586	0.585585585585586	0.048122474617155	0
1	587	0.586586586586587	0.0480882986989331	0
1	588	0.587587587587588	0.0480537253863134	0
1	589	0.588588588588589	0.0480187546792957	0
1	590	0.58958958958959	0.0479833865778801	0
1	591	0.590590590590591	0.0479476210820666	0
1	592	0.591591591591592	0.0479114581918551	0
1	593	0.592592592592593	0.0478748979072457	0
1	594	0.593593593593594	0.0478379402282384	0
1	595	0.594594594594595	0.0478005851548331	0
1	596	0.595595595595596	0.04776283268703	0
1	597	0.596596596596597	0.0477246828248288	0
1	598	0.597597597597598	0.0476861355682298	0
1	599	0.598598598598599	0.0476471909172328	0
1	600	0.5995995995996	0.047607848871838	0
1	601	0.600600600600601	0.0475681094320451	0
1	602	0.601601601601602	0.0475279725978544	0
1	603	0.602602602602603	0.0474874383692657	0
1	604	0.603603603603604	0.0474465067462791	0
1	605	0.604604604604605	0.0474051777288946	0
1	606	0.605605605605606	0.0473634513171121	0
1	607	0.606606606606607	0.0473213275109317	0
1	608	0.607607607607608	0.0472788063103534	0
1	609	0.608608608608609	0.0472358877153771	0
1	610	0.60960960960961	0.047192571726003	0
1	611	0.610610610610611	0.0471488583422309	0
1	612	0.611611611611612	0.0471047475640608	0
1	613	0.612612612612613	0.0470602393914929	0
1	614	0.613613613613614	0.047015333824527	0
1	615	0.614614614614615	0.0469700308631631	0
1	616	0.615615615615616	0.0469243305074014	0
1	617	0.616616616616617	0.0468782327572417	0
1	618	0.617617617617618	0.0468317376126841	0
1	619	0.618618618618619	0.0467848450737286	0
1	620	0.61961961961962	0.0467375551403751	0
1	621	0.620620620620621	0.0466898678126237	0
1	622	0.621621621621622	0.0466417830904744	0
1	623	0.622622622622623	0.0465933009739272	0
1	624	0.623623623623624	0.046544421462982	0
1	625	0.624624624624625	0.0464951445576389	0
1	626	0.625625625625626	0.0464454702578978	0
1	627	0.626626626626627	0.0463953985637589	0
1	628	0.627627627627628	0.046344929475222	0
1	629	0.628628628628629	0.0462940629922871	0
1	630	0.62962962962963	0.0462427991149544	0
1	631	0.630630630630631	0.0461911378432237	0
1	632	0.631631631631632	0.0461390791770951	0
1	633	0.632632632632633	0.0460866231165686	0
1	634	0.633633633633634	0.0460337696616441	0
1	635	0.634634634634635	0.0459805188123217	0
1	636	0.635635635635636	0.0459268705686014	0
1	637	0.636636636636637	0.0458728249304831	0
1	638	0.637637637637638	0.0458183818979669	0
1	639	0.638638638638639	0.0457635414710528	0
1	640	0.63963963963964	0.0457083036497408	0
1	641	0.640640640640641	0.0456526684340308	0
1	642	0.641641641641642	0.045596635823923	0
1	643	0.642642642642643	0.0455402058194171	0
1	644	0.643643643643644	0.0454833784205134	0
1	645	0.644644644644645	0.0454261536272117	0
1	646	0.645645645645646	0.0453685314395121	0
1	647	0.646646646646647	0.0453105118574146	0
1	648	0.647647647647648	0.0452520948809191	0
1	649	0.648648648648649	0.0451932805100257	0
1	650	0.64964964964965	0.0451340687447344	0
1	651	0.650650650650651	0.0450744595850451	0
1	652	0.651651651651652	0.0450144530309579	0
1	653	0.652652652652653	0.0449540490824728	0
1	654	0.653653653653654	0.0448932477395898	0
1	655	0.654654654654655	0.0448320490023088	0
1	656	0.655655655655656	0.0447704528706299	0
1	657	0.656656656656657	0.0447084593445531	0
1	658	0.657657657657658	0.0446460684240784	0
1	659	0.658658658658659	0.0445832801092057	0
1	660	0.65965965965966	0.0445200943999351	0
1	661	0.660660660660661	0.0444565112962665	0
1	662	0.661661661661662	0.0443925307982001	0
1	663	0.662662662662663	0.0443281529057357	0
1	664	0.663663663663664	0.0442633776188733	0
1	665	0.664664664664665	0.0441982049376131	0
1	666	0.665665665665666	0.0441326348619549	0
1	667	0.666666666666667	0.0440666673918988	0
1	668	0.667667667667668	0.0440003025274448	0
1	669	0.668668668668669	0.0439335402685928	0
1	670	0.66966966966967	0.0438663806153429	0
1	671	0.670670670670671	0.0437988235676951	0
1	672	0.671671671671672	0.0437308691256494	0
1	673	0.672672672672673	0.0436625172892057	0
1	674	0.673673673673674	0.043593768058364	0
1	675	0.674674674674675	0.0435246214331245	0
1	676	0.675675675675676	0.043455077413487	0
1	677	0.676676676676677	0.0433851359994517	0
1	678	0.677677677677678	0.0433147971910183	0
1	679	0.678678678678679	0.0432440609881871	0
1	680	0.67967967967968	0.0431729273909579	0
1	681	0.680680680680681	0.0431013963993308	0
1	682	0.681681681681682	0.0430294680133057	0
1	683	0.682682682682683	0.0429571422328828	0
1	684	0.683683683683684	0.0428844190580619	0
1	685	0.684684684684685	0.042811298488843	0
1	686	0.685685685685686	0.0427377805252263	0
1	687	0.686686686686687	0.0426638651672116	0
1	688	0.687687687687688	0.042589552414799	0
1	689	0.688688688688689	0.0425148422679884	0
1	690	0.68968968968969	0.04243973472678	0
1	691	0.690690690690691	0.0423642297911736	0
1	692	0.691691691691692	0.0422883274611693	0
1	693	0.692692692692693	0.042212027736767	0
1	694	0.693693693693694	0.0421353306179668	0
1	695	0.694694694694695	0.0420582361047687	0
1	696	0.695695695695696	0.0419807441971727	0
1	697	0.696696696696697	0.0419028548951787	0
1	698	0.697697697697698	0.0418245681987868	0
1	699	0.698698698698699	0.041745884107997	0
1	700	0.6996996996997	0.0416668026228092	0
1	701	0.700700700700701	0.0415873237432235	0
1	702	0.701701701701702	0.04150744746924	0
1	703	0.702702702702703	0.0414271738008584	0
1	704	0.703703703703704	0.0413465027380789	0
1	705	0.704704704704705	0.0412654342809015	0
1	706	0.705705705705706	0.0411839684293262	0
1	707	0.706706706706707	0.041102105183353	0
1	708	0.707707707707708	0.0410198445429818	0
1	709	0.708708708708709	0.0409371865082127	0
1	710	0.70970970970971	0.0408541310790456	0
1	711	0.710710710710711	0.0407706782554806	0
1	712	0.711711711711712	0.0406868280375178	0
1	713	0.712712712712713	0.0406025804251569	0
1	714	0.713713713713714	0.0405179354183982	0
1	715	0.714714714714715	0.0404328930172415	0
1	716	0.715715715715716	0.0403474532216869	0
1	717	0.716716716716717	0.0402616160317344	0
1	718	0.717717717717718	0.0401753814473838	0
1	719	0.718718718718719	0.0400887494686354	0
1	720	0.71971971971972	0.0400017200954891	0
1	721	0.720720720720721	0.0399142933279449	0
1	722	0.721721721721722	0.0398264691660027	0
1	723	0.722722722722723	0.0397382476096626	0
1	724	0.723723723723724	0.0396496286589245	0
1	725	0.724724724724725	0.0395606123137885	0
1	726	0.725725725725726	0.0394711985742546	0
1	727	0.726726726726727	0.0393813874403228	0
1	728	0.727727727727728	0.0392911789119931	0
1	729	0.728728728728729	0.0392005729892654	0
1	730	0.72972972972973	0.0391095696721398	0
1	731	0.730730730730731	0.0390181689606162	0
1	732	0.731731731731732	0.0389263708546947	0
1	733	0.732732732732733	0.0388341753543754	0
1	734	0.733733733733734	0.038741582459658	0
1	735	0.734734734734735	0.0386485921705428	0
1	736	0.735735735735736	0.0385552044870296	0
1	737	0.736736736736737	0.0384614194091184	0
1	738	0.737737737737738	0.0383672369368094	0
1	739	0.738738738738739	0.0382726570701024	0
1	740	0.73973973973974	0.0381776798089975	0
1	741	0.740740740740741	0.0380823051534947	0
1	742	0.741741741741742	0.0379865331035939	0
1	743	0.742742742742743	0.0378903636592953	0
1	744	0.743743743743744	0.0377937968205986	0
1	745	0.744744744744745	0.0376968325875041	0
1	746	0.745745745745746	0.0375994709600116	0
1	747	0.746746746746747	0.0375017119381212	0
1	748	0.747747747747748	0.0374035555218329	0
1	749	0.748748748748749	0.0373050017111466	0
1	750	0.74974974974975	0.0372060505060624	0
1	751	0.750750750750751	0.0371067019065803	0
1	752	0.751751751751752	0.0370069559127003	0
1	753	0.752752752752753	0.0369068125244223	0
1	754	0.753753753753754	0.0368062717417464	0
1	755	0.754754754754755	0.0367053335646726	0
1	756	0.755755755755756	0.0366039979932008	0
1	757	0.756756756756757	0.0365022650273311	0
1	758	0.757757757757758	0.0364001346670635	0
1	759	0.758758758758759	0.0362976069123979	0
1	760	0.75975975975976	0.0361946817633345	0
1	761	0.760760760760761	0.0360913592198731	0
1	762	0.761761761761762	0.0359876392820137	0
1	763	0.762762762762763	0.0358835219497565	0
1	764	0.763763763763764	0.0357790072231013	0
1	765	0.764764764764765	0.0356740951020482	0
1	766	0.765765765765766	0.0355687855865971	0
1	767	0.766766766766767	0.0354630786767481	0
1	768	0.767767767767768	0.0353569743725012	0
1	769	0.768768768768769	0.0352504726738564	0
1	770	0.76976976976977	0.0351435735808136	0
1	771	0.770770770770771	0.0350362770933729	0
1	772	0.771771771771772	0.0349285832115343	0
1	773	0.772772772772773	0.0348204919352978	0
1	774	0.773773773773774	0.0347120032646633	0
1	775	0.774774774774775	0.0346031171996309	0
1	776	0.775775775775776	0.0344938337402005	0
1	777	0.776776776776777	0.0343841528863723	0
1	778	0.777777777777778	0.0342740746381461	0
1	779	0.778778778778779	0.0341635989955219	0
1	780	0.77977977977978	0.0340527259584999	0
1	781	0.780780780780781	0.0339414555270799	0
1	782	0.781781781781782	0.033829787701262	0
1	783	0.782782782782783	0.0337177224810462	0
1	784	0.783783783783784	0.0336052598664324	0
1	785	0.784784784784785	0.0334923998574208	0
1	786	0.785785785785786	0.0333791424540111	0
1	787	0.786786786786787	0.0332654876562035	0
1	788	0.787787787787788	0.0331514354639981	0
1	789	0.788788788788789	0.0330369858773947	0
1	790	0.78978978978979	0.0329221388963934	0
1	791	0.790790790790791	0.0328068945209941	0
1	792	0.791791791791792	0.0326912527511969	0
1	793	0.792792792792793	0.0325752135870018	0
1	794	0.793793793793794	0.0324587770284087	0
1	795	0.794794794794795	0.0323419430754177	0
1	796	0.795795795795796	0.0322247117280288	0
1	797	0.796796796796797	0.0321070829862419	0
1	798	0.797797797797798	0.0319890568500572	0
1	799	0.798798798798799	0.0318706333194745	0
1	800	0.7997997997998	0.0317518123944939	0
1	801	0.800800800800801	0.0316325940751153	0
1	802	0.801801801801802	0.0315129783613388	0
1	803	0.802802802802803	0.0313929652531644	0
1	804	0.803803803803804	0.0312725547505921	0
1	805	0.804804804804805	0.0311517468536218	0
1	806	0.805805805805806	0.0310305415622536	0
1	807	0.806806806806807	0.0309089388764875	0
1	808	0.807807807807808	0.0307869387963235	0
1	809	0.808808808808809	0.0306645413217614	0
1	810	0.80980980980981	0.0305417464528016	0
1	811	0.810810810810811	0.0304185541894437	0
1	812	0.811811811811812	0.0302949645316879	0
1	813	0.812812812812813	0.0301709774795342	0
1	814	0.813813813813814	0.0300465930329826	0
1	815	0.814814814814815	0.029921811192033	0
1	816	0.815815815815816	0.0297966319566856	0
1	817	0.816816816816817	0.0296710553269401	0
1	818	0.817817817817818	0.0295450813027968	0
1	819	0.818818818818819	0.0294187098842555	0
1	820	0.81981981981982	0.0292919410713164	0
1	821	0.820820820820821	0.0291647748639792	0
1	822	0.821821821821822	0.0290372112622441	0
1	823	0.822822822822823	0.0289092502661112	0
1	824	0.823823823823824	0.0287808918755803	0
1	825	0.824824824824825	0.0286521360906514	0
1	826	0.825825825825826	0.0285229829113246	0
1	827	0.826826826826827	0.0283934323375999	0
1	828	0.827827827827828	0.0282634843694773	0
1	829	0.828828828828829	0.0281331390069567	0
1	830	0.82982982982983	0.0280023962500383	0
1	831	0.830830830830831	0.0278712560987218	0
1	832	0.831831831831832	0.0277397185530075	0
1	833	0.832832832832833	0.0276077836128952	0
1	834	0.833833833833834	0.027475451278385	0
1	835	0.834834834834835	0.0273427215494769	0
1	836	0.835835835835836	0.0272095944261708	0
1	837	0.836836836836837	0.0270760699084668	0
1	838	0.837837837837838	0.0269421479963649	0
1	839	0.838838838838839	0.0268078286898651	0
1	840	0.83983983983984	0.0266731119889673	0
1	841	0.840840840840841	0.0265379978936716	0
1	842	0.841841841841842	0.0264024864039779	0
1	843	0.842842842842843	0.0262665775198864	0
1	844	0.843843843843844	0.0261302712413969	0
1	845	0.844844844844845	0.0259935675685095	0
1	846	0.845845845845846	0.0258564665012241	0
1	847	0.846846846846847	0.0257189680395409	0
1	848	0.847847847847848	0.0255810721834596	0
1	849	0.848848848848849	0.0254427789329805	0
1	850	0.84984984984985	0.0253040882881034	0
1	851	0.850850850850851	0.0251650002488285	0
1	852	0.851851851851852	0.0250255148151556	0
1	853	0.852852852852853	0.0248856319870847	0
1	854	0.853853853853854	0.0247453517646159	0
1	855	0.854854854854855	0.0246046741477492	0
1	856	0.855855855855856	0.0244635991364845	0
1	857	0.856856856856857	0.024322126730822	0
1	858	0.857857857857858	0.0241802569307615	0
1	859	0.858858858858859	0.0240379897363031	0
1	860	0.85985985985986	0.0238953251474467	0
1	861	0.860860860860861	0.0237522631641925	0
1	862	0.861861861861862	0.0236088037865402	0
1	863	0.862862862862863	0.0234649470144901	0
1	864	0.863863863863864	0.023320692848042	0
1	865	0.864864864864865	0.023176041287196	0
1	866	0.865865865865866	0.0230309923319521	0
1	867	0.866866866866867	0.0228855459823103	0
1	868	0.867867867867868	0.0227397022382705	0
1	869	0.868868868868869	0.0225934610998328	0
1	870	0.86986986986987	0.0224468225669971	0
1	871	0.870870870870871	0.0222997866397636	0
1	872	0.871871871871872	0.0221523533181321	0
1	873	0.872872872872873	0.0220045226021027	0
1	874	0.873873873873874	0.0218562944916753	0
1	875	0.874874874874875	0.02170766898685	0
1	876	0.875875875875876	0.0215586460876268	0
1	877	0.876876876876877	0.0214092257940057	0
1	878	0.877877877877878	0.0212594081059866	0
1	879	0.878878878878879	0.0211091930235696	0
1	880	0.87987987987988	0.0209585805467546	0
1	881	0.880880880880881	0.0208075706755418	0
1	882	0.881881881881882	0.020656163409931	0
1	883	0.882882882882883	0.0205043587499223	0
1	884	0.883883883883884	0.0203521566955157	0
1	885	0.884884884884885	0.0201995572467111	0
1	886	0.885885885885886	0.0200465604035086	0
1	887	0.886886886886887	0.0198931661659081	0
1	888	0.887887887887888	0.0197393745339098	0
1	889	0.888888888888889	0.0195851855075135	0
1	890	0.88988988988989	0.0194305990867193	0
1	891	0.890890890890891	0.0192756152715272	0
1	892	0.891891891891892	0.0191202340619371	0
1	893	0.892892892892893	0.0189644554579491	0
1	894	0.893893893893894	0.0188082794595632	0
1	895	0.894894894894895	0.0186517060667793	0
1	896	0.895895895895896	0.0184947352795975	0
1	897	0.896896896896897	0.0183373670980178	0
1	898	0.897897897897898	0.0181796015220402	0
1	899	0.898898898898899	0.0180214385516646	0
1	900	0.8998998998999	0.0178628781868911	0
1	901	0.900900900900901	0.0177039204277196	0
1	902	0.901901901901902	0.0175445652741503	0
1	903	0.902902902902903	0.017384812726183	0
1	904	0.903903903903904	0.0172246627838178	0
1	905	0.904904904904905	0.0170641154470546	0
1	906	0.905905905905906	0.0169031707158935	0
1	907	0.906906906906907	0.0167418285903345	0
1	908	0.907907907907908	0.0165800890703776	0
1	909	0.908908908908909	0.0164179521560227	0
1	910	0.90990990990991	0.0162554178472699	0
1	911	0.910910910910911	0.0160924861441192	0
1	912	0.911911911911912	0.0159291570465706	0
1	913	0.912912912912913	0.015765430554624	0
1	914	0.913913913913914	0.0156013066682795	0
1	915	0.914914914914915	0.015436785387537	0
1	916	0.915915915915916	0.0152718667123967	0
1	917	0.916916916916917	0.0151065506428584	0
1	918	0.917917917917918	0.0149408371789222	0
1	919	0.918918918918919	0.014774726320588	0
1	920	0.91991991991992	0.0146082180678559	0
1	921	0.920920920920921	0.0144413124207259	0
1	922	0.921921921921922	0.014274009379198	0
1	923	0.922922922922923	0.0141063089432721	0
1	924	0.923923923923924	0.0139382111129483	0
1	925	0.924924924924925	0.0137697158882266	0
1	926	0.925925925925926	0.013600823269107	0
1	927	0.926926926926927	0.0134315332555894	0
1	928	0.927927927927928	0.0132618458476739	0
1	929	0.928928928928929	0.0130917610453604	0
1	930	0.92992992992993	0.012921278848649	0
1	931	0.930930930930931	0.0127503992575398	0
1	932	0.931931931931932	0.0125791222720325	0
1	933	0.932932932932933	0.0124074478921274	0
1	934	0.933933933933934	0.0122353761178243	0
1	935	0.934934934934935	0.0120629069491233	0
1	936	0.935935935935936	0.0118900403860243	0
1	937	0.936936936936937	0.0117167764285275	0
1	938	0.937937937937938	0.0115431150766326	0
1	939	0.938938938938939	0.0113690563303399	0
1	940	0.93993993993994	0.0111946001896493	0
1	941	0.940940940940941	0.0110197466545607	0
1	942	0.941941941941942	0.0108444957250742	0
1	943	0.942942942942943	0.0106688474011897	0
1	944	0.943943943943944	0.0104928016829073	0
1	945	0.944944944944945	0.0103163585702271	0
1	946	0.945945945945946	0.0101395180631488	0
1	947	0.946946946946947	0.00996228016167267	0
1	948	0.947947947947948	0.00978464486579858	0
1	949	0.948948948948949	0.00960661217552655	0
1	950	0.94994994994995	0.00942818209085661	0
1	951	0.950950950950951	0.00924935461178875	0
1	952	0.951951951951952	0.00907012973832291	0
1	953	0.952952952952953	0.00889050747045919	0
1	954	0.953953953953954	0.00871048780819755	0
1	955	0.954954954954955	0.00853007075153794	0
1	956	0.955955955955956	0.00834925630048047	0
1	957	0.956956956956957	0.00816804445502498	0
1	958	0.957957957957958	0.00798643521517159	0
1	959	0.958958958958959	0.00780442858092031	0
1	960	0.95995995995996	0.00762202455227109	0
1	961	0.960960960960961	0.0074392231292239	0
1	962	0.961961961961962	0.00725602431177882	0
1	963	0.962962962962963	0.00707242809993577	0
1	964	0.963963963963964	0.00688843449369483	0
1	965	0.964964964964965	0.00670404349305595	0
1	966	0.965965965965966	0.00651925509801918	0
1	967	0.966966966966967	0.00633406930858443	0
1	968	0.967967967967968	0.00614848612475175	0
1	969	0.968968968968969	0.00596250554652114	0
1	970	0.96996996996997	0.00577612757389262	0
1	971	0.970970970970971	0.00558935220686615	0
1	972	0.971971971971972	0.00540217944544183	0
1	973	0.972972972972973	0.00521460928961948	0
1	974	0.973973973973974	0.00502664173939926	0
1	975	0.974974974974975	0.0048382767947811	0
1	976	0.975975975975976	0.00464951445576497	0
1	977	0.976976976976977	0.00446035472235096	0
1	978	0.977977977977978	0.00427079759453899	0
1	979	0.978978978978979	0.00408084307232912	0
1	980	0.97997997997998	0.00389049115572129	0
1	981	0.980980980980981	0.00369974184471558	0
1	982	0.981981981981982	0.00350859513931193	0
1	983	0.982982982982983	0.0033170510395103	0
1	984	0.983983983983984	0.00312510954531078	0
1	985	0.984984984984985	0.00293277065671332	0
1	986	0.985985985985986	0.00274003437371792	0
1	987	0.986986986986987	0.00254690069632463	0
1	988	0.987987987987988	0.00235336962453334	0
1	989	0.988988988988989	0.00215944115834418	0
1	990	0.98998998998999	0.00196511529775709	0
1	991	0.990990990990991	0.00177039204277205	0
1	992	0.991991991991992	0.00157527139338912	0
1	993	0.992992992992993	0.00137975334960821	0
1	994	0.993993993993994	0.00118383791142943	0
1	995	0.994994994994995	0.000987525078852663	0
1	996	0.995995995995996	0.000790814851877986	0
1	997	0.996996996996997	0.000593707230505391	0
1	998	0.997997997997998	0.000396202214734825	0
1	999	0.998998998998999	0.000198299804566371	0
1	1000	1	0	0
