1	1	0	0	0
1	2	0.001001001001001	-0.000230225006285304	0
1	3	0.002002002002002	-0.000459860683082008	0
1	4	0.003003003003003	-0.000688907415415382	0
1	5	0.004004004004004	-0.000917365588310692	0
1	6	0.005005005005005	-0.00114523558679321	0
1	7	0.00600600600600601	-0.00137251779588819	0
1	8	0.00700700700700701	-0.00159921260062091	0
1	9	0.00800800800800801	-0.00182532038601664	0
1	10	0.00900900900900901	-0.00205084153710064	0
1	11	0.01001001001001	-0.00227577643889818	0
1	12	0.011011011011011	-0.00250012547643453	0
1	13	0.012012012012012	-0.00272388903473495	0
1	14	0.013013013013013	-0.00294706749882472	0
1	15	0.014014014014014	-0.00316966125372909	0
1	16	0.015015015015015	-0.00339167068447334	0
1	17	0.016016016016016	-0.00361309617608274	0
1	18	0.017017017017017	-0.00383393811358255	0
1	19	0.018018018018018	-0.00405419688199803	0
1	20	0.019019019019019	-0.00427387286635447	0
1	21	0.02002002002002	-0.00449296645167711	0
1	22	0.021021021021021	-0.00471147802299124	0
1	23	0.022022022022022	-0.00492940796532211	0
1	24	0.023023023023023	-0.005146756663695	0
1	25	0.024024024024024	-0.00536352450313518	0
1	26	0.025025025025025	-0.0055797118686679	0
1	27	0.026026026026026	-0.00579531914531844	0
1	28	0.027027027027027	-0.00601034671811207	0
1	29	0.028028028028028	-0.00622479497207405	0
1	30	0.029029029029029	-0.00643866429222964	0
1	31	0.03003003003003	-0.00665195506360413	0
1	32	0.031031031031031	-0.00686466767122277	0
1	33	0.032032032032032	-0.00707680250011083	0
1	34	0.033033033033033	-0.00728835993529358	0
1	35	0.034034034034034	-0.00749934036179628	0
1	36	0.035035035035035	-0.00770974416464421	0
1	37	0.036036036036036	-0.00791957172886263	0
1	38	0.037037037037037	-0.00812882343947681	0
1	39	0.038038038038038	-0.00833749968151202	0
1	40	0.039039039039039	-0.00854560083999351	0
1	41	0.04004004004004	-0.00875312729994657	0
1	42	0.041041041041041	-0.00896007944639645	0
1	43	0.042042042042042	-0.00916645766436843	0
1	44	0.043043043043043	-0.00937226233888778	0
1	45	0.044044044044044	-0.00957749385497975	0
1	46	0.045045045045045	-0.00978215259766961	0
1	47	0.046046046046046	-0.00998623895198265	0
1	48	0.047047047047047	-0.0101897533029441	0
1	49	0.048048048048048	-0.0103926960355793	0
1	50	0.049049049049049	-0.0105950675349134	0
1	51	0.0500500500500501	-0.0107968681859718	0
1	52	0.0510510510510511	-0.0109980983737796	0
1	53	0.0520520520520521	-0.0111987584833623	0
1	54	0.0530530530530531	-0.0113988488997449	0
1	55	0.0540540540540541	-0.0115983700079529	0
1	56	0.0550550550550551	-0.0117973221930114	0
1	57	0.0560560560560561	-0.0119957058399458	0
1	58	0.0570570570570571	-0.0121935213337813	0
1	59	0.0580580580580581	-0.0123907690595432	0
1	60	0.0590590590590591	-0.0125874494022567	0
1	61	0.0600600600600601	-0.0127835627469471	0
1	62	0.0610610610610611	-0.0129791094786396	0
1	63	0.0620620620620621	-0.0131740899823597	0
1	64	0.0630630630630631	-0.0133685046431324	0
1	65	0.0640640640640641	-0.0135623538459831	0
1	66	0.0650650650650651	-0.0137556379759371	0
1	67	0.0660660660660661	-0.0139483574180195	0
1	68	0.0670670670670671	-0.0141405125572557	0
1	69	0.0680680680680681	-0.014332103778671	0
1	70	0.0690690690690691	-0.0145231314672906	0
1	71	0.0700700700700701	-0.0147135960081398	0
1	72	0.0710710710710711	-0.0149034977862438	0
1	73	0.0720720720720721	-0.015092837186628	0
1	74	0.0730730730730731	-0.0152816145943175	0
1	75	0.0740740740740741	-0.0154698303943377	0
1	76	0.0750750750750751	-0.0156574849717138	0
1	77	0.0760760760760761	-0.015844578711471	0
1	78	0.0770770770770771	-0.0160311119986348	0
1	79	0.0780780780780781	-0.0162170852182302	0
1	80	0.0790790790790791	-0.0164024987552826	0
1	81	0.0800800800800801	-0.0165873529948173	0
1	82	0.0810810810810811	-0.0167716483218595	0
1	83	0.0820820820820821	-0.0169553851214345	0
1	84	0.0830830830830831	-0.0171385637785676	0
1	85	0.0840840840840841	-0.0173211846782839	0
1	86	0.0850850850850851	-0.0175032482056089	0
1	87	0.0860860860860861	-0.0176847547455677	0
1	88	0.0870870870870871	-0.0178657046831857	0
1	89	0.0880880880880881	-0.018046098403488	0
1	90	0.0890890890890891	-0.0182259362915	0
1	91	0.0900900900900901	-0.0184052187322469	0
1	92	0.0910910910910911	-0.0185839461107541	0
1	93	0.0920920920920921	-0.0187621188120466	0
1	94	0.0930930930930931	-0.0189397372211499	0
1	95	0.0940940940940941	-0.0191168017230893	0
1	96	0.0950950950950951	-0.0192933127028898	0
1	97	0.0960960960960961	-0.0194692705455769	0
1	98	0.0970970970970971	-0.0196446756361758	0
1	99	0.0980980980980981	-0.0198195283597118	0
1	100	0.0990990990990991	-0.0199938291012101	0
1	101	0.1001001001001	-0.020167578245696	0
1	102	0.101101101101101	-0.0203407761781948	0
1	103	0.102102102102102	-0.0205134232837317	0
1	104	0.103103103103103	-0.020685519947332	0
1	105	0.104104104104104	-0.020857066554021	0
1	106	0.105105105105105	-0.0210280634888239	0
1	107	0.106106106106106	-0.021198511136766	0
1	108	0.107107107107107	-0.0213684098828726	0
1	109	0.108108108108108	-0.0215377601121689	0
1	110	0.109109109109109	-0.0217065622096802	0
1	111	0.11011011011011	-0.0218748165604318	0
1	112	0.111111111111111	-0.022042523549449	0
1	113	0.112112112112112	-0.022209683561757	0
1	114	0.113113113113113	-0.022376296982381	0
1	115	0.114114114114114	-0.0225423641963464	0
1	116	0.115115115115115	-0.0227078855886784	0
1	117	0.116116116116116	-0.0228728615444022	0
1	118	0.117117117117117	-0.0230372924485432	0
1	119	0.118118118118118	-0.0232011786861267	0
1	120	0.119119119119119	-0.0233645206421778	0
1	121	0.12012012012012	-0.0235273187017218	0
1	122	0.121121121121121	-0.0236895732497841	0
1	123	0.122122122122122	-0.0238512846713898	0
1	124	0.123123123123123	-0.0240124533515643	0
1	125	0.124124124124124	-0.0241730796753329	0
1	126	0.125125125125125	-0.0243331640277206	0
1	127	0.126126126126126	-0.024492706793753	0
1	128	0.127127127127127	-0.0246517083584552	0
1	129	0.128128128128128	-0.0248101691068524	0
1	130	0.129129129129129	-0.02496808942397	0
1	131	0.13013013013013	-0.0251254696948333	0
1	132	0.131131131131131	-0.0252823103044674	0
1	133	0.132132132132132	-0.0254386116378976	0
1	134	0.133133133133133	-0.0255943740801493	0
1	135	0.134134134134134	-0.0257495980162477	0
1	136	0.135135135135135	-0.0259042838312181	0
1	137	0.136136136136136	-0.0260584319100856	0
1	138	0.137137137137137	-0.0262120426378757	0
1	139	0.138138138138138	-0.0263651163996135	0
1	140	0.139139139139139	-0.0265176535803243	0
1	141	0.14014014014014	-0.0266696545650335	0
1	142	0.141141141141141	-0.0268211197387662	0
1	143	0.142142142142142	-0.0269720494865477	0
1	144	0.143143143143143	-0.0271224441934033	0
1	145	0.144144144144144	-0.0272723042443583	0
1	146	0.145145145145145	-0.0274216300244379	0
1	147	0.146146146146146	-0.0275704219186675	0
1	148	0.147147147147147	-0.0277186803120721	0
1	149	0.148148148148148	-0.0278664055896773	0
1	150	0.149149149149149	-0.0280135981365081	0
1	151	0.15015015015015	-0.0281602583375899	0
1	152	0.151151151151151	-0.0283063865779479	0
1	153	0.152152152152152	-0.0284519832426074	0
1	154	0.153153153153153	-0.0285970487165937	0
1	155	0.154154154154154	-0.028741583384932	0
1	156	0.155155155155155	-0.0288855876326476	0
1	157	0.156156156156156	-0.0290290618447658	0
1	158	0.157157157157157	-0.0291720064063119	0
1	159	0.158158158158158	-0.029314421702311	0
1	160	0.159159159159159	-0.0294563081177885	0
1	161	0.16016016016016	-0.0295976660377697	0
1	162	0.161161161161161	-0.0297384958472798	0
1	163	0.162162162162162	-0.029878797931344	0
1	164	0.163163163163163	-0.0300185726749877	0
1	165	0.164164164164164	-0.0301578204632361	0
1	166	0.165165165165165	-0.0302965416811144	0
1	167	0.166166166166166	-0.0304347367136481	0
1	168	0.167167167167167	-0.0305724059458622	0
1	169	0.168168168168168	-0.0307095497627821	0
1	170	0.169169169169169	-0.0308461685494331	0
1	171	0.17017017017017	-0.0309822626908403	0
1	172	0.171171171171171	-0.0311178325720292	0
1	173	0.172172172172172	-0.0312528785780249	0
1	174	0.173173173173173	-0.0313874010938527	0
1	175	0.174174174174174	-0.0315214005045379	0
1	176	0.175175175175175	-0.0316548771951057	0
1	177	0.176176176176176	-0.0317878315505815	0
1	178	0.177177177177177	-0.0319202639559905	0
1	179	0.178178178178178	-0.0320521747963579	0
1	180	0.179179179179179	-0.032183564456709	0
1	181	0.18018018018018	-0.0323144333220691	0
1	182	0.181181181181181	-0.0324447817774635	0
1	183	0.182182182182182	-0.0325746102079174	0
1	184	0.183183183183183	-0.0327039189984561	0
1	185	0.184184184184184	-0.0328327085341048	0
1	186	0.185185185185185	-0.0329609791998889	0
1	187	0.186186186186186	-0.0330887313808335	0
1	188	0.187187187187187	-0.033215965461964	0
1	189	0.188188188188188	-0.0333426818283057	0
1	190	0.189189189189189	-0.0334688808648837	0
1	191	0.19019019019019	-0.0335945629567234	0
1	192	0.191191191191191	-0.03371972848885	0
1	193	0.192192192192192	-0.0338443778462888	0
1	194	0.193193193193193	-0.0339685114140651	0
1	195	0.194194194194194	-0.0340921295772041	0
1	196	0.195195195195195	-0.0342152327207311	0
1	197	0.196196196196196	-0.0343378212296714	0
1	198	0.197197197197197	-0.0344598954890502	0
1	199	0.198198198198198	-0.0345814558838928	0
1	200	0.199199199199199	-0.0347025027992245	0
1	201	0.2002002002002	-0.0348230366200705	0
1	202	0.201201201201201	-0.0349430577314561	0
1	203	0.202202202202202	-0.0350625665184066	0
1	204	0.203203203203203	-0.0351815633659472	0
1	205	0.204204204204204	-0.0353000486591032	0
1	206	0.205205205205205	-0.0354180227828999	0
1	207	0.206206206206206	-0.0355354861223625	0
1	208	0.207207207207207	-0.0356524390625163	0
1	209	0.208208208208208	-0.0357688819883866	0
1	210	0.209209209209209	-0.0358848152849987	0
1	211	0.21021021021021	-0.0360002393373777	0
1	212	0.211211211211211	-0.0361151545305491	0
1	213	0.212212212212212	-0.0362295612495379	0
1	214	0.213213213213213	-0.0363434598793696	0
1	215	0.214214214214214	-0.0364568508050694	0
1	216	0.215215215215215	-0.0365697344116625	0
1	217	0.216216216216216	-0.0366821110841742	0
1	218	0.217217217217217	-0.0367939812076298	0
1	219	0.218218218218218	-0.0369053451670545	0
1	220	0.219219219219219	-0.0370162033474736	0
1	221	0.22022022022022	-0.0371265561339125	0
1	222	0.221221221221221	-0.0372364039113963	0
1	223	0.222222222222222	-0.0373457470649503	0
1	224	0.223223223223223	-0.0374545859795997	0
1	225	0.224224224224224	-0.03756292104037	0
1	226	0.225225225225225	-0.0376707526322862	0
1	227	0.226226226226226	-0.0377780811403737	0
1	228	0.227227227227227	-0.0378849069496578	0
1	229	0.228228228228228	-0.0379912304451637	0
1	230	0.229229229229229	-0.0380970520119167	0
1	231	0.23023023023023	-0.0382023720349421	0
1	232	0.231231231231231	-0.038307190899265	0
1	233	0.232232232232232	-0.0384115089899109	0
1	234	0.233233233233233	-0.0385153266919049	0
1	235	0.234234234234234	-0.0386186443902723	0
1	236	0.235235235235235	-0.0387214624700385	0
1	237	0.236236236236236	-0.0388237813162285	0
1	238	0.237237237237237	-0.0389256013138679	0
1	239	0.238238238238238	-0.0390269228479816	0
1	240	0.239239239239239	-0.0391277463035952	0
1	241	0.24024024024024	-0.0392280720657338	0
1	242	0.241241241241241	-0.0393279005194227	0
1	243	0.242242242242242	-0.0394272320496871	0
1	244	0.243243243243243	-0.0395260670415524	0
1	245	0.244244244244244	-0.0396244058800438	0
1	246	0.245245245245245	-0.0397222489501865	0
1	247	0.246246246246246	-0.0398195966370059	0
1	248	0.247247247247247	-0.0399164493255272	0
1	249	0.248248248248248	-0.0400128074007756	0
1	250	0.249249249249249	-0.0401086712477765	0
1	251	0.25025025025025	-0.0402040412515551	0
1	252	0.251251251251251	-0.0402989177971366	0
1	253	0.252252252252252	-0.0403933012695464	0
1	254	0.253253253253253	-0.0404871920538097	0
1	255	0.254254254254254	-0.0405805905349517	0
1	256	0.255255255255255	-0.0406734970979978	0
1	257	0.256256256256256	-0.0407659121279732	0
1	258	0.257257257257257	-0.0408578360099032	0
1	259	0.258258258258258	-0.040949269128813	0
1	260	0.259259259259259	-0.0410402118697279	0
1	261	0.26026026026026	-0.0411306646176732	0
1	262	0.261261261261261	-0.0412206277576741	0
1	263	0.262262262262262	-0.0413101016747559	0
1	264	0.263263263263263	-0.041399086753944	0
1	265	0.264264264264264	-0.0414875833802634	0
1	266	0.265265265265265	-0.0415755919387396	0
1	267	0.266266266266266	-0.0416631128143977	0
1	268	0.267267267267267	-0.0417501463922631	0
1	269	0.268268268268268	-0.041836693057361	0
1	270	0.269269269269269	-0.0419227531947167	0
1	271	0.27027027027027	-0.0420083271893554	0
1	272	0.271271271271271	-0.0420934154263025	0
1	273	0.272272272272272	-0.0421780182905831	0
1	274	0.273273273273273	-0.0422621361672226	0
1	275	0.274274274274274	-0.0423457694412462	0
1	276	0.275275275275275	-0.0424289184976792	0
1	277	0.276276276276276	-0.0425115837215468	0
1	278	0.277277277277277	-0.0425937654978744	0
1	279	0.278278278278278	-0.0426754642116871	0
1	280	0.279279279279279	-0.0427566802480103	0
1	281	0.28028028028028	-0.0428374139918693	0
1	282	0.281281281281281	-0.0429176658282891	0
1	283	0.282282282282282	-0.0429974361422953	0
1	284	0.283283283283283	-0.043076725318913	0
1	285	0.284284284284284	-0.0431555337431675	0
1	286	0.285285285285285	-0.043233861800084	0
1	287	0.286286286286286	-0.0433117098746879	0
1	288	0.287287287287287	-0.0433890783520043	0
1	289	0.288288288288288	-0.0434659676170586	0
1	290	0.289289289289289	-0.0435423780548761	0
1	291	0.29029029029029	-0.0436183100504819	0
1	292	0.291291291291291	-0.0436937639889014	0
1	293	0.292292292292292	-0.0437687402551598	0
1	294	0.293293293293293	-0.0438432392342824	0
1	295	0.294294294294294	-0.0439172613112945	0
1	296	0.295295295295295	-0.0439908068712213	0
1	297	0.296296296296296	-0.0440638762990882	0
1	298	0.297297297297297	-0.0441364699799202	0
1	299	0.298298298298298	-0.0442085882987429	0
1	300	0.299299299299299	-0.0442802316405813	0
1	301	0.3003003003003	-0.0443514003904608	0
1	302	0.301301301301301	-0.0444220949334066	0
1	303	0.302302302302302	-0.044492315654444	0
1	304	0.303303303303303	-0.0445620629385983	0
1	305	0.304304304304304	-0.0446313371708947	0
1	306	0.305305305305305	-0.0447001387363585	0
1	307	0.306306306306306	-0.0447684680200151	0
1	308	0.307307307307307	-0.0448363254068895	0
1	309	0.308308308308308	-0.0449037112820071	0
1	310	0.309309309309309	-0.0449706260303933	0
1	311	0.31031031031031	-0.0450370700370731	0
1	312	0.311311311311311	-0.045103043687072	0
1	313	0.312312312312312	-0.0451685473654152	0
1	314	0.313313313313313	-0.0452335814571279	0
1	315	0.314314314314314	-0.0452981463472354	0
1	316	0.315315315315315	-0.0453622424207629	0
1	317	0.316316316316316	-0.0454258700627359	0
1	318	0.317317317317317	-0.0454890296581794	0
1	319	0.318318318318318	-0.0455517215921188	0
1	320	0.319319319319319	-0.0456139462495794	0
1	321	0.32032032032032	-0.0456757040155864	0
1	322	0.321321321321321	-0.045736995275165	0
1	323	0.322322322322322	-0.0457978204133407	0
1	324	0.323323323323323	-0.0458581798151385	0
1	325	0.324324324324324	-0.0459180738655838	0
1	326	0.325325325325325	-0.0459775029497019	0
1	327	0.326326326326326	-0.046036467452518	0
1	328	0.327327327327327	-0.0460949677590573	0
1	329	0.328328328328328	-0.0461530042543453	0
1	330	0.329329329329329	-0.046210577323407	0
1	331	0.33033033033033	-0.0462676873512678	0
1	332	0.331331331331331	-0.046324334722953	0
1	333	0.332332332332332	-0.0463805198234878	0
1	334	0.333333333333333	-0.0464362430378975	0
1	335	0.334334334334334	-0.0464915047512074	0
1	336	0.335335335335335	-0.0465463053484427	0
1	337	0.336336336336336	-0.0466006452146287	0
1	338	0.337337337337337	-0.0466545247347906	0
1	339	0.338338338338338	-0.0467079442939538	0
1	340	0.339339339339339	-0.0467609042771434	0
1	341	0.34034034034034	-0.0468134050693848	0
1	342	0.341341341341341	-0.0468654470557033	0
1	343	0.342342342342342	-0.046917030621124	0
1	344	0.343343343343343	-0.0469681561506723	0
1	345	0.344344344344344	-0.0470188240293735	0
1	346	0.345345345345345	-0.0470690346422527	0
1	347	0.346346346346346	-0.0471187883743353	0
1	348	0.347347347347347	-0.0471680856106465	0
1	349	0.348348348348348	-0.0472169267362117	0
1	350	0.349349349349349	-0.047265312136056	0
1	351	0.35035035035035	-0.0473132421952047	0
1	352	0.351351351351351	-0.0473607172986832	0
1	353	0.352352352352352	-0.0474077378315166	0
1	354	0.353353353353353	-0.0474543041787302	0
1	355	0.354354354354354	-0.0475004167253494	0
1	356	0.355355355355355	-0.0475460758563993	0
1	357	0.356356356356356	-0.0475912819569052	0
1	358	0.357357357357357	-0.0476360354118925	0
1	359	0.358358358358358	-0.0476803366063863	0
1	360	0.359359359359359	-0.047724185925412	0
1	361	0.36036036036036	-0.0477675837539948	0
1	362	0.361361361361361	-0.04781053047716	0
1	363	0.362362362362362	-0.0478530264799328	0
1	364	0.363363363363363	-0.0478950721473385	0
1	365	0.364364364364364	-0.0479366678644024	0
1	366	0.365365365365365	-0.0479778140161497	0
1	367	0.366366366366366	-0.0480185109876058	0
1	368	0.367367367367367	-0.0480587591637958	0
1	369	0.368368368368368	-0.0480985589297451	0
1	370	0.369369369369369	-0.0481379106704789	0
1	371	0.37037037037037	-0.0481768147710225	0
1	372	0.371371371371371	-0.0482152716164011	0
1	373	0.372372372372372	-0.04825328159164	0
1	374	0.373373373373373	-0.0482908450817645	0
1	375	0.374374374374374	-0.0483279624717999	0
1	376	0.375375375375375	-0.0483646341467714	0
1	377	0.376376376376376	-0.0484008604917043	0
1	378	0.377377377377377	-0.0484366418916238	0
1	379	0.378378378378378	-0.0484719787315553	0
1	380	0.379379379379379	-0.0485068713965239	0
1	381	0.38038038038038	-0.048541320271555	0
1	382	0.381381381381381	-0.0485753257416738	0
1	383	0.382382382382382	-0.0486088881919056	0
1	384	0.383383383383383	-0.0486420080072757	0
1	385	0.384384384384384	-0.0486746855728093	0
1	386	0.385385385385385	-0.0487069212735317	0
1	387	0.386386386386386	-0.0487387154944681	0
1	388	0.387387387387387	-0.0487700686206438	0
1	389	0.388388388388388	-0.0488009810370842	0
1	390	0.389389389389389	-0.0488314531288144	0
1	391	0.39039039039039	-0.0488614852808598	0
1	392	0.391391391391391	-0.0488910778782455	0
1	393	0.392392392392392	-0.0489202313059969	0
1	394	0.393393393393393	-0.0489489459491393	0
1	395	0.394394394394394	-0.0489772221926978	0
1	396	0.395395395395395	-0.0490050604216978	0
1	397	0.396396396396396	-0.0490324610211645	0
1	398	0.397397397397397	-0.0490594243761233	0
1	399	0.398398398398398	-0.0490859508715993	0
1	400	0.399399399399399	-0.0491120408926178	0
1	401	0.4004004004004	-0.0491376948242041	0
1	402	0.401401401401401	-0.0491629130513835	0
1	403	0.402402402402402	-0.0491876959591813	0
1	404	0.403403403403403	-0.0492120439326226	0
1	405	0.404404404404404	-0.0492359573567328	0
1	406	0.405405405405405	-0.0492594366165372	0
1	407	0.406406406406406	-0.0492824820970609	0
1	408	0.407407407407407	-0.0493050941833294	0
1	409	0.408408408408408	-0.0493272732603677	0
1	410	0.409409409409409	-0.0493490197132013	0
1	411	0.41041041041041	-0.0493703339268554	0
1	412	0.411411411411411	-0.0493912162863552	0
1	413	0.412412412412412	-0.049411667176726	0
1	414	0.413413413413413	-0.049431686982993	0
1	415	0.414414414414414	-0.0494512760901817	0
1	416	0.415415415415415	-0.0494704348833171	0
1	417	0.416416416416416	-0.0494891637474246	0
1	418	0.417417417417417	-0.0495074630675295	0
1	419	0.418418418418418	-0.049525333228657	0
1	420	0.419419419419419	-0.0495427746158323	0
1	421	0.42042042042042	-0.0495597876140808	0
1	422	0.421421421421421	-0.0495763726084278	0
1	423	0.422422422422422	-0.0495925299838984	0
1	424	0.423423423423423	-0.0496082601255179	0
1	425	0.424424424424424	-0.0496235634183117	0
1	426	0.425425425425425	-0.049638440247305	0
1	427	0.426426426426426	-0.049652890997523	0
1	428	0.427427427427427	-0.049666916053991	0
1	429	0.428428428428428	-0.0496805158017343	0
1	430	0.429429429429429	-0.0496936906257782	0
1	431	0.43043043043043	-0.0497064409111479	0
1	432	0.431431431431431	-0.0497187670428687	0
1	433	0.432432432432432	-0.0497306694059658	0
1	434	0.433433433433433	-0.0497421483854646	0
1	435	0.434434434434434	-0.0497532043663903	0
1	436	0.435435435435435	-0.0497638377337681	0
1	437	0.436436436436436	-0.0497740488726233	0
1	438	0.437437437437437	-0.0497838381679812	0
1	439	0.438438438438438	-0.0497932060048671	0
1	440	0.439439439439439	-0.0498021527683063	0
1	441	0.44044044044044	-0.0498106788433239	0
1	442	0.441441441441441	-0.0498187846149453	0
1	443	0.442442442442442	-0.0498264704681957	0
1	444	0.443443443443443	-0.0498337367881004	0
1	445	0.444444444444444	-0.0498405839596847	0
1	446	0.445445445445445	-0.0498470123679738	0
1	447	0.446446446446446	-0.049853022397993	0
1	448	0.447447447447447	-0.0498586144347675	0
1	449	0.448448448448448	-0.0498637888633227	0
1	450	0.449449449449449	-0.0498685460686838	0
1	451	0.45045045045045	-0.0498728864358761	0
1	452	0.451451451451451	-0.0498768103499248	0
1	453	0.452452452452452	-0.0498803181958552	0
1	454	0.453453453453453	-0.0498834103586926	0
1	455	0.454454454454454	-0.0498860872234623	0
1	456	0.455455455455455	-0.0498883491751894	0
1	457	0.456456456456456	-0.0498901965988993	0
1	458	0.457457457457457	-0.0498916298796172	0
1	459	0.458458458458458	-0.0498926494023685	0
1	460	0.459459459459459	-0.0498932555521783	0
1	461	0.46046046046046	-0.0498934487140719	0
1	462	0.461461461461461	-0.0498932292730747	0
1	463	0.462462462462462	-0.0498925976142119	0
1	464	0.463463463463463	-0.0498915541225087	0
1	465	0.464464464464464	-0.0498900991829904	0
1	466	0.465465465465465	-0.0498882331806823	0
1	467	0.466466466466466	-0.0498859565006096	0
1	468	0.467467467467467	-0.0498832695277976	0
1	469	0.468468468468468	-0.0498801726472716	0
1	470	0.469469469469469	-0.0498766662440569	0
1	471	0.47047047047047	-0.0498727507031787	0
1	472	0.471471471471471	-0.0498684264096623	0
1	473	0.472472472472472	-0.0498636937485329	0
1	474	0.473473473473473	-0.0498585531048158	0
1	475	0.474474474474474	-0.0498530048635363	0
1	476	0.475475475475475	-0.0498470494097197	0
1	477	0.476476476476476	-0.0498406871283912	0
1	478	0.477477477477477	-0.0498339184045761	0
1	479	0.478478478478478	-0.0498267436232996	0
1	480	0.479479479479479	-0.0498191631695871	0
1	481	0.48048048048048	-0.0498111774284637	0
1	482	0.481481481481481	-0.0498027867849548	0
1	483	0.482482482482482	-0.0497939916240856	0
1	484	0.483483483483483	-0.0497847923308814	0
1	485	0.484484484484485	-0.0497751892903675	0
1	486	0.485485485485485	-0.0497651828875691	0
1	487	0.486486486486487	-0.0497547735075115	0
1	488	0.487487487487487	-0.0497439615352199	0
1	489	0.488488488488488	-0.0497327473557197	0
1	490	0.48948948948949	-0.0497211313540361	0
1	491	0.49049049049049	-0.0497091139151943	0
1	492	0.491491491491492	-0.0496966954242197	0
1	493	0.492492492492492	-0.0496838762661374	0
1	494	0.493493493493493	-0.0496706568259729	0
1	495	0.494494494494495	-0.0496570374887512	0
1	496	0.495495495495495	-0.0496430186394978	0
1	497	0.496496496496497	-0.0496286006632378	0
1	498	0.497497497497497	-0.0496137839449965	0
1	499	0.498498498498498	-0.0495985688697993	0
1	500	0.4994994994995	-0.0495829558226713	0
1	501	0.500500500500501	-0.0495669451886379	0
1	502	0.501501501501502	-0.0495505373527242	0
1	503	0.502502502502503	-0.0495337326999557	0
1	504	0.503503503503503	-0.0495165316153574	0
1	505	0.504504504504504	-0.0494989344839548	0
1	506	0.505505505505506	-0.0494809416907731	0
1	507	0.506506506506507	-0.0494625536208374	0
1	508	0.507507507507508	-0.0494437706591732	0
1	509	0.508508508508508	-0.0494245931908057	0
1	510	0.509509509509509	-0.0494050216007601	0
1	511	0.510510510510511	-0.0493850562740617	0
1	512	0.511511511511512	-0.0493646975957358	0
1	513	0.512512512512513	-0.0493439459508076	0
1	514	0.513513513513513	-0.0493228017243025	0
1	515	0.514514514514514	-0.0493012653012456	0
1	516	0.515515515515516	-0.0492793370666623	0
1	517	0.516516516516517	-0.0492570174055778	0
1	518	0.517517517517518	-0.0492343067030173	0
1	519	0.518518518518518	-0.0492112053440062	0
1	520	0.519519519519519	-0.0491877137135698	0
1	521	0.520520520520521	-0.0491638321967332	0
1	522	0.521521521521522	-0.0491395611785217	0
1	523	0.522522522522523	-0.0491149010439607	0
1	524	0.523523523523523	-0.0490898521780753	0
1	525	0.524524524524524	-0.049064414965891	0
1	526	0.525525525525526	-0.0490385897924328	0
1	527	0.526526526526527	-0.0490123770427261	0
1	528	0.527527527527528	-0.0489857771017962	0
1	529	0.528528528528528	-0.0489587903546682	0
1	530	0.529529529529529	-0.0489314171863676	0
1	531	0.530530530530531	-0.0489036579819195	0
1	532	0.531531531531532	-0.0488755131263493	0
1	533	0.532532532532533	-0.0488469830046822	0
1	534	0.533533533533533	-0.0488180680019434	0
1	535	0.534534534534535	-0.0487887685031582	0
1	536	0.535535535535536	-0.0487590848933519	0
1	537	0.536536536536537	-0.0487290175575498	0
1	538	0.537537537537538	-0.0486985668807771	0
1	539	0.538538538538539	-0.0486677332480591	0
1	540	0.53953953953954	-0.0486365170444211	0
1	541	0.540540540540541	-0.0486049186548883	0
1	542	0.541541541541542	-0.0485729384644859	0
1	543	0.542542542542543	-0.0485405768582394	0
1	544	0.543543543543544	-0.0485078342211739	0
1	545	0.544544544544545	-0.0484747109383147	0
1	546	0.545545545545546	-0.048441207394687	0
1	547	0.546546546546547	-0.0484073239753162	0
1	548	0.547547547547548	-0.0483730610652275	0
1	549	0.548548548548549	-0.0483384190494461	0
1	550	0.54954954954955	-0.0483033983129974	0
1	551	0.550550550550551	-0.0482679992409066	0
1	552	0.551551551551552	-0.0482322222181989	0
1	553	0.552552552552553	-0.0481960676298997	0
1	554	0.553553553553554	-0.0481595358610342	0
1	555	0.554554554554555	-0.0481226272966277	0
1	556	0.555555555555556	-0.0480853423217054	0
1	557	0.556556556556557	-0.0480476813212926	0
1	558	0.557557557557558	-0.0480096446804145	0
1	559	0.558558558558559	-0.0479712327840966	0
1	560	0.55955955955956	-0.0479324460173639	0
1	561	0.560560560560561	-0.0478932847652419	0
1	562	0.561561561561562	-0.0478537494127556	0
1	563	0.562562562562563	-0.0478138403449305	0
1	564	0.563563563563564	-0.0477735579467917	0
1	565	0.564564564564565	-0.0477329026033646	0
1	566	0.565565565565566	-0.0476918746996744	0
1	567	0.566566566566567	-0.0476504746207464	0
1	568	0.567567567567568	-0.0476087027516058	0
1	569	0.568568568568569	-0.0475665594772779	0
1	570	0.56956956956957	-0.047524045182788	0
1	571	0.570570570570571	-0.0474811602531614	0
1	572	0.571571571571572	-0.0474379050734233	0
1	573	0.572572572572573	-0.047394280028599	0
1	574	0.573573573573574	-0.0473502855037137	0
1	575	0.574574574574575	-0.0473059218837927	0
1	576	0.575575575575576	-0.0472611895538614	0
1	577	0.576576576576577	-0.0472160888989448	0
1	578	0.577577577577578	-0.0471706203040684	0
1	579	0.578578578578579	-0.0471247841542574	0
1	580	0.57957957957958	-0.0470785808345371	0
1	581	0.580580580580581	-0.0470320107299326	0
1	582	0.581581581581582	-0.0469850742254694	0
1	583	0.582582582582583	-0.0469377717061726	0
1	584	0.583583583583584	-0.0468901035570676	0
1	585	0.584584584584585	-0.0468420701631795	0
1	586	0.585585585585586	-0.0467936719095337	0
1	587	0.586586586586587	-0.0467449091811554	0
1	588	0.587587587587588	-0.0466957823630699	0
1	589	0.588588588588589	-0.0466462918403024	0
1	590	0.58958958958959	-0.0465964379978783	0
1	591	0.590590590590591	-0.0465462212208228	0
1	592	0.591591591591592	-0.0464956418941612	0
1	593	0.592592592592593	-0.0464447004029187	0
1	594	0.593593593593594	-0.0463933971321205	0
1	595	0.594594594594595	-0.0463417324667921	0
1	596	0.595595595595596	-0.0462897067919586	0
1	597	0.596596596596597	-0.0462373204926453	0
1	598	0.597597597597598	-0.0461845739538774	0
1	599	0.598598598598599	-0.0461314675606803	0
1	600	0.5995995995996	-0.0460780016980792	0
1	601	0.600600600600601	-0.0460241767510993	0
1	602	0.601601601601602	-0.045969993104766	0
1	603	0.602602602602603	-0.0459154511441045	0
1	604	0.603603603603604	-0.0458605512541401	0
1	605	0.604604604604605	-0.045805293819898	0
1	606	0.605605605605606	-0.0457496792264035	0
1	607	0.606606606606607	-0.0456937078586819	0
1	608	0.607607607607608	-0.0456373801017584	0
1	609	0.608608608608609	-0.0455806963406583	0
1	610	0.60960960960961	-0.045523656960407	0
1	611	0.610610610610611	-0.0454662623460295	0
1	612	0.611611611611612	-0.0454085128825513	0
1	613	0.612612612612613	-0.0453504089549975	0
1	614	0.613613613613614	-0.0452919509483935	0
1	615	0.614614614614615	-0.0452331392477644	0
1	616	0.615615615615616	-0.0451739742381357	0
1	617	0.616616616616617	-0.0451144563045325	0
1	618	0.617617617617618	-0.0450545858319802	0
1	619	0.618618618618619	-0.0449943632055039	0
1	620	0.61961961961962	-0.044933788810129	0
1	621	0.620620620620621	-0.0448728630308806	0
1	622	0.621621621621622	-0.0448115862527842	0
1	623	0.622622622622623	-0.0447499588608649	0
1	624	0.623623623623624	-0.044687981240148	0
1	625	0.624624624624625	-0.0446256537756588	0
1	626	0.625625625625626	-0.0445629768524226	0
1	627	0.626626626626627	-0.0444999508554646	0
1	628	0.627627627627628	-0.0444365761698101	0
1	629	0.628628628628629	-0.0443728531804843	0
1	630	0.62962962962963	-0.0443087822725125	0
1	631	0.630630630630631	-0.0442443638309201	0
1	632	0.631631631631632	-0.0441795982407322	0
1	633	0.632632632632633	-0.0441144858869741	0
1	634	0.633633633633634	-0.0440490271546711	0
1	635	0.634634634634635	-0.0439832224288485	0
1	636	0.635635635635636	-0.0439170720945315	0
1	637	0.636636636636637	-0.0438505765367454	0
1	638	0.637637637637638	-0.0437837361405154	0
1	639	0.638638638638639	-0.0437165512908669	0
1	640	0.63963963963964	-0.0436490223728251	0
1	641	0.640640640640641	-0.0435811497714153	0
1	642	0.641641641641642	-0.0435129338716626	0
1	643	0.642642642642643	-0.0434443750585925	0
1	644	0.643643643643644	-0.0433754737172301	0
1	645	0.644644644644645	-0.0433062302326008	0
1	646	0.645645645645646	-0.0432366449897297	0
1	647	0.646646646646647	-0.0431667183736422	0
1	648	0.647647647647648	-0.0430964507693636	0
1	649	0.648648648648649	-0.0430258425619191	0
1	650	0.64964964964965	-0.0429548941363339	0
1	651	0.650650650650651	-0.0428836058776333	0
1	652	0.651651651651652	-0.0428119781708427	0
1	653	0.652652652652653	-0.0427400114009873	0
1	654	0.653653653653654	-0.0426677059530923	0
1	655	0.654654654654655	-0.0425950622121829	0
1	656	0.655655655655656	-0.0425220805632846	0
1	657	0.656656656656657	-0.0424487613914225	0
1	658	0.657657657657658	-0.0423751050816219	0
1	659	0.658658658658659	-0.0423011120189081	0
1	660	0.65965965965966	-0.0422267825883063	0
1	661	0.660660660660661	-0.0421521171748418	0
1	662	0.661661661661662	-0.0420771161635399	0
1	663	0.662662662662663	-0.0420017799394259	0
1	664	0.663663663663664	-0.0419261088875249	0
1	665	0.664664664664665	-0.0418501033928624	0
1	666	0.665665665665666	-0.0417737638404635	0
1	667	0.666666666666667	-0.0416970906153535	0
1	668	0.667667667667668	-0.0416200841025577	0
1	669	0.668668668668669	-0.0415427446871013	0
1	670	0.66966966966967	-0.0414650727540097	0
1	671	0.670670670670671	-0.041387068688308	0
1	672	0.671671671671672	-0.0413087328750216	0
1	673	0.672672672672673	-0.0412300656991756	0
1	674	0.673673673673674	-0.0411510675457955	0
1	675	0.674674674674675	-0.0410717387999064	0
1	676	0.675675675675676	-0.0409920798465337	0
1	677	0.676676676676677	-0.0409120910707025	0
1	678	0.677677677677678	-0.0408317728574382	0
1	679	0.678678678678679	-0.0407511255917661	0
1	680	0.67967967967968	-0.0406701496587113	0
1	681	0.680680680680681	-0.0405888454432991	0
1	682	0.681681681681682	-0.0405072133305549	0
1	683	0.682682682682683	-0.0404252537055039	0
1	684	0.683683683683684	-0.0403429669531713	0
1	685	0.684684684684685	-0.0402603534585825	0
1	686	0.685685685685686	-0.0401774136067626	0
1	687	0.686686686686687	-0.040094147782737	0
1	688	0.687687687687688	-0.040010556371531	0
1	689	0.688688688688689	-0.0399266397581697	0
1	690	0.68968968968969	-0.0398423983276785	0
1	691	0.690690690690691	-0.0397578324650826	0
1	692	0.691691691691692	-0.0396729425554073	0
1	693	0.692692692692693	-0.0395877289836779	0
1	694	0.693693693693694	-0.0395021921349197	0
1	695	0.694694694694695	-0.0394163323941578	0
1	696	0.695695695695696	-0.0393301501464175	0
1	697	0.696696696696697	-0.0392436457767243	0
1	698	0.697697697697698	-0.0391568196701032	0
1	699	0.698698698698699	-0.0390696722115795	0
1	700	0.6996996996997	-0.0389822037861787	0
1	701	0.700700700700701	-0.0388944147789258	0
1	702	0.701701701701702	-0.0388063055748462	0
1	703	0.702702702702703	-0.0387178765589651	0
1	704	0.703703703703704	-0.0386291281163079	0
1	705	0.704704704704705	-0.0385400606318997	0
1	706	0.705705705705706	-0.0384506744907658	0
1	707	0.706706706706707	-0.0383609700779316	0
1	708	0.707707707707708	-0.0382709477784222	0
1	709	0.708708708708709	-0.038180607977263	0
1	710	0.70970970970971	-0.0380899510594792	0
1	711	0.710710710710711	-0.037998977410096	0
1	712	0.711711711711712	-0.0379076874141388	0
1	713	0.712712712712713	-0.0378160814566328	0
1	714	0.713713713713714	-0.0377241599226033	0
1	715	0.714714714714715	-0.0376319231970755	0
1	716	0.715715715715716	-0.0375393716650748	0
1	717	0.716716716716717	-0.0374465057116263	0
1	718	0.717717717717718	-0.0373533257217554	0
1	719	0.718718718718719	-0.0372598320804873	0
1	720	0.71971971971972	-0.0371660251728473	0
1	721	0.720720720720721	-0.0370719053838606	0
1	722	0.721721721721722	-0.0369774730985525	0
1	723	0.722722722722723	-0.0368827287019483	0
1	724	0.723723723723724	-0.0367876725790733	0
1	725	0.724724724724725	-0.0366923051149527	0
1	726	0.725725725725726	-0.0365966266946118	0
1	727	0.726726726726727	-0.0365006377030758	0
1	728	0.727727727727728	-0.0364043385253701	0
1	729	0.728728728728729	-0.0363077295465198	0
1	730	0.72972972972973	-0.0362108111515503	0
1	731	0.730730730730731	-0.0361135837254868	0
1	732	0.731731731731732	-0.0360160476533547	0
1	733	0.732732732732733	-0.035918203320179	0
1	734	0.733733733733734	-0.0358200511109852	0
1	735	0.734734734734735	-0.0357215914107985	0
1	736	0.735735735735736	-0.0356228246046442	0
1	737	0.736736736736737	-0.0355237510775475	0
1	738	0.737737737737738	-0.0354243712145336	0
1	739	0.738738738738739	-0.0353246854006279	0
1	740	0.73973973973974	-0.0352246940208557	0
1	741	0.740740740740741	-0.0351243974602422	0
1	742	0.741741741741742	-0.0350237961038126	0
1	743	0.742742742742743	-0.0349228903365922	0
1	744	0.743743743743744	-0.0348216805436064	0
1	745	0.744744744744745	-0.0347201671098803	0
1	746	0.745745745745746	-0.0346183504204392	0
1	747	0.746746746746747	-0.0345162308603085	0
1	748	0.747747747747748	-0.0344138088145133	0
1	749	0.748748748748749	-0.0343110846680789	0
1	750	0.74974974974975	-0.0342080588060307	0
1	751	0.750750750750751	-0.0341047316133938	0
1	752	0.751751751751752	-0.0340011034751936	0
1	753	0.752752752752753	-0.0338971747764552	0
1	754	0.753753753753754	-0.0337929459022041	0
1	755	0.754754754754755	-0.0336884172374654	0
1	756	0.755755755755756	-0.0335835891672643	0
1	757	0.756756756756757	-0.0334784620766263	0
1	758	0.757757757757758	-0.0333730363505765	0
1	759	0.758758758758759	-0.0332673123741402	0
1	760	0.75975975975976	-0.0331612905323427	0
1	761	0.760760760760761	-0.0330549712102092	0
1	762	0.761761761761762	-0.032948354792765	0
1	763	0.762762762762763	-0.0328414416650354	0
1	764	0.763763763763764	-0.0327342322120457	0
1	765	0.764764764764765	-0.0326267268188211	0
1	766	0.765765765765766	-0.0325189258703868	0
1	767	0.766766766766767	-0.0324108297517682	0
1	768	0.767767767767768	-0.0323024388479906	0
1	769	0.768768768768769	-0.032193753544079	0
1	770	0.76976976976977	-0.032084774225059	0
1	771	0.770770770770771	-0.0319755012759557	0
1	772	0.771771771771772	-0.0318659350817942	0
1	773	0.772772772772773	-0.0317560760276002	0
1	774	0.773773773773774	-0.0316459244983985	0
1	775	0.774774774774775	-0.0315354808792148	0
1	776	0.775775775775776	-0.031424745555074	0
1	777	0.776776776776777	-0.0313137189110016	0
1	778	0.777777777777778	-0.0312024013320228	0
1	779	0.778778778778779	-0.0310907932031628	0
1	780	0.77977977977978	-0.0309788949094469	0
1	781	0.780780780780781	-0.0308667068359005	0
1	782	0.781781781781782	-0.0307542293675486	0
1	783	0.782782782782783	-0.0306414628894167	0
1	784	0.783783783783784	-0.03052840778653	0
1	785	0.784784784784785	-0.0304150644439138	0
1	786	0.785785785785786	-0.0303014332465933	0
1	787	0.786786786786787	-0.0301875145795937	0
1	788	0.787787787787788	-0.0300733088279405	0
1	789	0.788788788788789	-0.0299588163766588	0
1	790	0.78978978978979	-0.0298440376107739	0
1	791	0.790790790790791	-0.029728972915311	0
1	792	0.791791791791792	-0.0296136226752954	0
1	793	0.792792792792793	-0.0294979872757525	0
1	794	0.793793793793794	-0.0293820671017074	0
1	795	0.794794794794795	-0.0292658625381855	0
1	796	0.795795795795796	-0.0291493739702119	0
1	797	0.796796796796797	-0.0290326017828121	0
1	798	0.797797797797798	-0.0289155463610111	0
1	799	0.798798798798799	-0.0287982080898344	0
1	800	0.7997997997998	-0.0286805873543071	0
1	801	0.800800800800801	-0.0285626845394546	0
1	802	0.801801801801802	-0.028444500030302	0
1	803	0.802802802802803	-0.0283260342118748	0
1	804	0.803803803803804	-0.0282072874691981	0
1	805	0.804804804804805	-0.0280882601872972	0
1	806	0.805805805805806	-0.0279689527511973	0
1	807	0.806806806806807	-0.0278493655459238	0
1	808	0.807807807807808	-0.027729498956502	0
1	809	0.808808808808809	-0.0276093533679569	0
1	810	0.80980980980981	-0.027488929165314	0
1	811	0.810810810810811	-0.0273682267335986	0
1	812	0.811811811811812	-0.0272472464578358	0
1	813	0.812812812812813	-0.0271259887230509	0
1	814	0.813813813813814	-0.0270044539142693	0
1	815	0.814814814814815	-0.0268826424165162	0
1	816	0.815815815815816	-0.0267605546148168	0
1	817	0.816816816816817	-0.0266381908941964	0
1	818	0.817817817817818	-0.0265155516396803	0
1	819	0.818818818818819	-0.0263926372362937	0
1	820	0.81981981981982	-0.026269448069062	0
1	821	0.820820820820821	-0.0261459845230103	0
1	822	0.821821821821822	-0.026022246983164	0
1	823	0.822822822822823	-0.0258982358345483	0
1	824	0.823823823823824	-0.0257739514621885	0
1	825	0.824824824824825	-0.0256493942511098	0
1	826	0.825825825825826	-0.0255245645863376	0
1	827	0.826826826826827	-0.0253994628528971	0
1	828	0.827827827827828	-0.0252740894358135	0
1	829	0.828828828828829	-0.0251484447201121	0
1	830	0.82982982982983	-0.0250225290908182	0
1	831	0.830830830830831	-0.0248963429329571	0
1	832	0.831831831831832	-0.024769886631554	0
1	833	0.832832832832833	-0.0246431605716342	0
1	834	0.833833833833834	-0.0245161651382229	0
1	835	0.834834834834835	-0.0243889007163455	0
1	836	0.835835835835836	-0.0242613676910272	0
1	837	0.836836836836837	-0.0241335664472932	0
1	838	0.837837837837838	-0.0240054973701689	0
1	839	0.838838838838839	-0.0238771608446794	0
1	840	0.83983983983984	-0.0237485572558501	0
1	841	0.840840840840841	-0.0236196869887063	0
1	842	0.841841841841842	-0.0234905504282731	0
1	843	0.842842842842843	-0.023361147959576	0
1	844	0.843843843843844	-0.02323147996764	0
1	845	0.844844844844845	-0.0231015468374905	0
1	846	0.845845845845846	-0.0229713489541528	0
1	847	0.846846846846847	-0.0228408867026522	0
1	848	0.847847847847848	-0.0227101604680138	0
1	849	0.848848848848849	-0.022579170635263	0
1	850	0.84984984984985	-0.0224479175894251	0
1	851	0.850850850850851	-0.0223164017155252	0
1	852	0.851851851851852	-0.0221846233985888	0
1	853	0.852852852852853	-0.0220525830236409	0
1	854	0.853853853853854	-0.021920280975707	0
1	855	0.854854854854855	-0.0217877176398122	0
1	856	0.855855855855856	-0.0216548934009819	0
1	857	0.856856856856857	-0.0215218086442413	0
1	858	0.857857857857858	-0.0213884637546156	0
1	859	0.858858858858859	-0.0212548591171302	0
1	860	0.85985985985986	-0.0211209951168104	0
1	861	0.860860860860861	-0.0209868721386813	0
1	862	0.861861861861862	-0.0208524905677682	0
1	863	0.862862862862863	-0.0207178507890965	0
1	864	0.863863863863864	-0.0205829531876913	0
1	865	0.864864864864865	-0.0204477981485779	0
1	866	0.865865865865866	-0.0203123860567817	0
1	867	0.866866866866867	-0.0201767172973279	0
1	868	0.867867867867868	-0.0200407922552417	0
1	869	0.868868868868869	-0.0199046113155484	0
1	870	0.86986986986987	-0.0197681748632733	0
1	871	0.870870870870871	-0.0196314832834417	0
1	872	0.871871871871872	-0.0194945369610788	0
1	873	0.872872872872873	-0.0193573362812099	0
1	874	0.873873873873874	-0.0192198816288602	0
1	875	0.874874874874875	-0.019082173389055	0
1	876	0.875875875875876	-0.0189442119468196	0
1	877	0.876876876876877	-0.0188059976871793	0
1	878	0.877877877877878	-0.0186675309951593	0
1	879	0.878878878878879	-0.0185288122557849	0
1	880	0.87987987987988	-0.0183898418540813	0
1	881	0.880880880880881	-0.0182506201750739	0
1	882	0.881881881881882	-0.0181111476037879	0
1	883	0.882882882882883	-0.0179714245252485	0
1	884	0.883883883883884	-0.0178314513244811	0
1	885	0.884884884884885	-0.0176912283865108	0
1	886	0.885885885885886	-0.017550756096363	0
1	887	0.886886886886887	-0.0174100348390629	0
1	888	0.887887887887888	-0.0172690649996358	0
1	889	0.888888888888889	-0.017127846963107	0
1	890	0.88988988988989	-0.0169863811145017	0
1	891	0.890890890890891	-0.0168446678388453	0
1	892	0.891891891891892	-0.0167027075211628	0
1	893	0.892892892892893	-0.0165605005464797	0
1	894	0.893893893893894	-0.0164180472998212	0
1	895	0.894894894894895	-0.0162753481662126	0
1	896	0.895895895895896	-0.0161324035306791	0
1	897	0.896896896896897	-0.015989213778246	0
1	898	0.897897897897898	-0.0158457792939385	0
1	899	0.898898898898899	-0.0157021004627821	0
1	900	0.8998998998999	-0.0155581776698018	0
1	901	0.900900900900901	-0.0154140113000229	0
1	902	0.901901901901902	-0.0152696017384709	0
1	903	0.902902902902903	-0.0151249493701708	0
1	904	0.903903903903904	-0.014980054580148	0
1	905	0.904904904904905	-0.0148349177534277	0
1	906	0.905905905905906	-0.0146895392750353	0
1	907	0.906906906906907	-0.0145439195299959	0
1	908	0.907907907907908	-0.0143980589033349	0
1	909	0.908908908908909	-0.0142519577800775	0
1	910	0.90990990990991	-0.0141056165452489	0
1	911	0.910910910910911	-0.0139590355838745	0
1	912	0.911911911911912	-0.0138122152809795	0
1	913	0.912912912912913	-0.0136651560215891	0
1	914	0.913913913913914	-0.0135178581907288	0
1	915	0.914914914914915	-0.0133703221734236	0
1	916	0.915915915915916	-0.0132225483546989	0
1	917	0.916916916916917	-0.01307453711958	0
1	918	0.917917917917918	-0.0129262888530921	0
1	919	0.918918918918919	-0.0127778039402604	0
1	920	0.91991991991992	-0.0126290827661103	0
1	921	0.920920920920921	-0.0124801257156671	0
1	922	0.921921921921922	-0.0123309331739559	0
1	923	0.922922922922923	-0.0121815055260021	0
1	924	0.923923923923924	-0.0120318431568308	0
1	925	0.924924924924925	-0.0118819464514675	0
1	926	0.925925925925926	-0.0117318157949373	0
1	927	0.926926926926927	-0.0115814515722656	0
1	928	0.927927927927928	-0.0114308541684775	0
1	929	0.928928928928929	-0.0112800239685984	0
1	930	0.92992992992993	-0.0111289613576535	0
1	931	0.930930930930931	-0.0109776667206682	0
1	932	0.931931931931932	-0.0108261404426675	0
1	933	0.932932932932933	-0.0106743829086769	0
1	934	0.933933933933934	-0.0105223945037216	0
1	935	0.934934934934935	-0.0103701756128268	0
1	936	0.935935935935936	-0.0102177266210179	0
1	937	0.936936936936937	-0.0100650479133201	0
1	938	0.937937937937938	-0.00991213987475853	0
1	939	0.938938938938939	-0.00975900289035869	0
1	940	0.93993993993994	-0.00960563734514577	0
1	941	0.940940940940941	-0.00945204362414495	0
1	942	0.941941941941942	-0.0092982221123816	0
1	943	0.942942942942943	-0.00914417319488098	0
1	944	0.943943943943944	-0.00898989725666827	0
1	945	0.944944944944945	-0.00883539468276881	0
1	946	0.945945945945946	-0.00868066585820781	0
1	947	0.946946946946947	-0.00852571116801068	0
1	948	0.947947947947948	-0.0083705309972025	0
1	949	0.948948948948949	-0.00821512573080865	0
1	950	0.94994994994995	-0.0080594957538544	0
1	951	0.950950950950951	-0.00790364145136488	0
1	952	0.951951951951952	-0.00774756320836562	0
1	953	0.952952952952953	-0.00759126140988162	0
1	954	0.953953953953954	-0.00743473644093826	0
1	955	0.954954954954955	-0.00727798868656085	0
1	956	0.955955955955956	-0.00712101853177463	0
1	957	0.956956956956957	-0.00696382636160484	0
1	958	0.957957957957958	-0.0068064125610767	0
1	959	0.958958958958959	-0.00664877751521556	0
1	960	0.95995995995996	-0.00649092160904671	0
1	961	0.960960960960961	-0.00633284522759531	0
1	962	0.961961961961962	-0.00617454875588677	0
1	963	0.962962962962963	-0.00601603257894623	0
1	964	0.963963963963964	-0.00585729708179894	0
1	965	0.964964964964965	-0.00569834264947028	0
1	966	0.965965965965966	-0.00553916966698548	0
1	967	0.966966966966967	-0.00537977851936985	0
1	968	0.967967967967968	-0.00522016959164848	0
1	969	0.968968968968969	-0.00506034326884683	0
1	970	0.96996996996997	-0.00490029993599006	0
1	971	0.970970970970971	-0.00474003997810354	0
1	972	0.971971971971972	-0.0045795637802124	0
1	973	0.972972972972973	-0.00441887172734204	0
1	974	0.973973973973974	-0.00425796420451766	0
1	975	0.974974974974975	-0.00409684159676449	0
1	976	0.975975975975976	-0.00393550428910786	0
1	977	0.976976976976977	-0.00377395266657302	0
1	978	0.977977977977978	-0.00361218711418521	0
1	979	0.978978978978979	-0.00345020801696974	0
1	980	0.97997997997998	-0.00328801575995186	0
1	981	0.980980980980981	-0.00312561072815684	0
1	982	0.981981981981982	-0.00296299330660996	0
1	983	0.982982982982983	-0.00280016388033649	0
1	984	0.983983983983984	-0.00263712283436168	0
1	985	0.984984984984985	-0.00247387055371073	0
1	986	0.985985985985986	-0.00231040742340896	0
1	987	0.986986986986987	-0.00214673382848171	0
1	988	0.987987987987988	-0.00198285015395422	0
1	989	0.988988988988989	-0.00181875678485161	0
1	990	0.98998998998999	-0.00165445410619938	0
1	991	0.990990990990991	-0.00148994250302262	0
1	992	0.991991991991992	-0.00132522236034674	0
1	993	0.992992992992993	-0.00116029406319687	0
1	994	0.993993993993994	-0.0009951579965983	0
1	995	0.994994994994995	-0.000829814545576346	0
1	996	0.995995995995996	-0.000664264095156325	0
1	997	0.996996996996997	-0.00049850703036336	0
1	998	0.997997997997998	-0.000332543736222796	0
1	999	0.998998998998999	-0.000166374597759922	0
1	1000	1	0	0
