1	1	0	0	0
1	2	0.001001001001001	-0.000305384659571884	0
1	3	0.002002002002002	-0.000609419135919897	0
1	4	0.003003003003003	-0.000912105650277494	0
1	5	0.004004004004004	-0.00121344642387813	0
1	6	0.005005005005005	-0.00151344367795526	0
1	7	0.00600600600600601	-0.00181209963374234	0
1	8	0.00700700700700701	-0.00210941651247282	0
1	9	0.00800800800800801	-0.00240539653538015	0
1	10	0.00900900900900901	-0.0027000419236978	0
1	11	0.01001001001001	-0.00299335489865922	0
1	12	0.011011011011011	-0.00328533768149786	0
1	13	0.012012012012012	-0.00357599249344717	0
1	14	0.013013013013013	-0.00386532155574062	0
1	15	0.014014014014014	-0.00415332708961165	0
1	16	0.015015015015015	-0.00444001131629372	0
1	17	0.016016016016016	-0.00472537645702028	0
1	18	0.017017017017017	-0.0050094247330248	0
1	19	0.018018018018018	-0.00529215836554072	0
1	20	0.019019019019019	-0.0055735795758015	0
1	21	0.02002002002002	-0.00585369058504059	0
1	22	0.021021021021021	-0.00613249361449146	0
1	23	0.022022022022022	-0.00640999088538754	0
1	24	0.023023023023023	-0.00668618461896231	0
1	25	0.024024024024024	-0.0069610770364492	0
1	26	0.025025025025025	-0.00723467035908169	0
1	27	0.026026026026026	-0.00750696680809321	0
1	28	0.027027027027027	-0.00777796860471724	0
1	29	0.028028028028028	-0.00804767797018721	0
1	30	0.029029029029029	-0.0083160971257366	0
1	31	0.03003003003003	-0.00858322829259884	0
1	32	0.031031031031031	-0.0088490736920074	0
1	33	0.032032032032032	-0.00911363554519572	0
1	34	0.033033033033033	-0.00937691607339728	0
1	35	0.034034034034034	-0.00963891749784551	0
1	36	0.035035035035035	-0.00989964203977388	0
1	37	0.036036036036036	-0.0101590919204158	0
1	38	0.037037037037037	-0.0104172693610048	0
1	39	0.038038038038038	-0.0106741765827743	0
1	40	0.039039039039039	-0.0109298158069578	0
1	41	0.04004004004004	-0.0111841892547887	0
1	42	0.041041041041041	-0.0114372991475004	0
1	43	0.042042042042042	-0.0116891477063264	0
1	44	0.043043043043043	-0.0119397371525002	0
1	45	0.044044044044044	-0.0121890697072553	0
1	46	0.045045045045045	-0.012437147591825	0
1	47	0.046046046046046	-0.0126839730274429	0
1	48	0.047047047047047	-0.0129295482353423	0
1	49	0.048048048048048	-0.0131738754367568	0
1	50	0.049049049049049	-0.0134169568529198	0
1	51	0.0500500500500501	-0.0136587947050648	0
1	52	0.0510510510510511	-0.0138993912144251	0
1	53	0.0520520520520521	-0.0141387486022344	0
1	54	0.0530530530530531	-0.0143768690897259	0
1	55	0.0540540540540541	-0.0146137548981332	0
1	56	0.0550550550550551	-0.0148494082486898	0
1	57	0.0560560560560561	-0.015083831362629	0
1	58	0.0570570570570571	-0.0153170264611844	0
1	59	0.0580580580580581	-0.0155489957655894	0
1	60	0.0590590590590591	-0.0157797414970774	0
1	61	0.0600600600600601	-0.0160092658768819	0
1	62	0.0610610610610611	-0.0162375711262364	0
1	63	0.0620620620620621	-0.0164646594663742	0
1	64	0.0630630630630631	-0.016690533118529	0
1	65	0.0640640640640641	-0.0169151943039341	0
1	66	0.0650650650650651	-0.0171386452438229	0
1	67	0.0660660660660661	-0.017360888159429	0
1	68	0.0670670670670671	-0.0175819252719858	0
1	69	0.0680680680680681	-0.0178017588027267	0
1	70	0.0690690690690691	-0.0180203909728852	0
1	71	0.0700700700700701	-0.0182378240036947	0
1	72	0.0710710710710711	-0.0184540601163888	0
1	73	0.0720720720720721	-0.0186691015322008	0
1	74	0.0730730730730731	-0.0188829504723642	0
1	75	0.0740740740740741	-0.0190956091581125	0
1	76	0.0750750750750751	-0.0193070798106791	0
1	77	0.0760760760760761	-0.0195173646512975	0
1	78	0.0770770770770771	-0.0197264659012011	0
1	79	0.0780780780780781	-0.0199343857816234	0
1	80	0.0790790790790791	-0.0201411265137979	0
1	81	0.0800800800800801	-0.0203466903189579	0
1	82	0.0810810810810811	-0.0205510794183371	0
1	83	0.0820820820820821	-0.0207542960331687	0
1	84	0.0830830830830831	-0.0209563423846862	0
1	85	0.0840840840840841	-0.0211572206941232	0
1	86	0.0850850850850851	-0.0213569331827131	0
1	87	0.0860860860860861	-0.0215554820716893	0
1	88	0.0870870870870871	-0.0217528695822852	0
1	89	0.0880880880880881	-0.0219490979357344	0
1	90	0.0890890890890891	-0.0221441693532703	0
1	91	0.0900900900900901	-0.0223380860561263	0
1	92	0.0910910910910911	-0.0225308502655359	0
1	93	0.0920920920920921	-0.0227224642027326	0
1	94	0.0930930930930931	-0.0229129300889498	0
1	95	0.0940940940940941	-0.023102250145421	0
1	96	0.0950950950950951	-0.0232904265933795	0
1	97	0.0960960960960961	-0.023477461654059	0
1	98	0.0970970970970971	-0.0236633575486927	0
1	99	0.0980980980980981	-0.0238481164985143	0
1	100	0.0990990990990991	-0.0240317407247571	0
1	101	0.1001001001001	-0.0242142324486545	0
1	102	0.101101101101101	-0.0243955938914402	0
1	103	0.102102102102102	-0.0245758272743474	0
1	104	0.103103103103103	-0.0247549348186097	0
1	105	0.104104104104104	-0.0249329187454604	0
1	106	0.105105105105105	-0.0251097812761332	0
1	107	0.106106106106106	-0.0252855246318614	0
1	108	0.107107107107107	-0.0254601510338784	0
1	109	0.108108108108108	-0.0256336627034178	0
1	110	0.109109109109109	-0.0258060618617129	0
1	111	0.11011011011011	-0.0259773507299973	0
1	112	0.111111111111111	-0.0261475315295044	0
1	113	0.112112112112112	-0.0263166064814676	0
1	114	0.113113113113113	-0.0264845778071205	0
1	115	0.114114114114114	-0.0266514477276964	0
1	116	0.115115115115115	-0.0268172184644288	0
1	117	0.116116116116116	-0.0269818922385511	0
1	118	0.117117117117117	-0.0271454712712969	0
1	119	0.118118118118118	-0.0273079577838996	0
1	120	0.119119119119119	-0.0274693539975926	0
1	121	0.12012012012012	-0.0276296621336094	0
1	122	0.121121121121121	-0.0277888844131834	0
1	123	0.122122122122122	-0.0279470230575481	0
1	124	0.123123123123123	-0.0281040802879369	0
1	125	0.124124124124124	-0.0282600583255834	0
1	126	0.125125125125125	-0.0284149593917209	0
1	127	0.126126126126126	-0.028568785707583	0
1	128	0.127127127127127	-0.028721539494403	0
1	129	0.128128128128128	-0.0288732229734144	0
1	130	0.129129129129129	-0.0290238383658507	0
1	131	0.13013013013013	-0.0291733878929454	0
1	132	0.131131131131131	-0.0293218737759318	0
1	133	0.132132132132132	-0.0294692982360435	0
1	134	0.133133133133133	-0.0296156634945138	0
1	135	0.134134134134134	-0.0297609717725763	0
1	136	0.135135135135135	-0.0299052252914645	0
1	137	0.136136136136136	-0.0300484262724116	0
1	138	0.137137137137137	-0.0301905769366513	0
1	139	0.138138138138138	-0.030331679505417	0
1	140	0.139139139139139	-0.0304717361999421	0
1	141	0.14014014014014	-0.0306107492414601	0
1	142	0.141141141141141	-0.0307487208512044	0
1	143	0.142142142142142	-0.0308856532504085	0
1	144	0.143143143143143	-0.0310215486603058	0
1	145	0.144144144144144	-0.0311564093021298	0
1	146	0.145145145145145	-0.031290237397114	0
1	147	0.146146146146146	-0.0314230351664918	0
1	148	0.147147147147147	-0.0315548048314967	0
1	149	0.148148148148148	-0.031685548613362	0
1	150	0.149149149149149	-0.0318152687333214	0
1	151	0.15015015015015	-0.0319439674126082	0
1	152	0.151151151151151	-0.0320716468724558	0
1	153	0.152152152152152	-0.0321983093340978	0
1	154	0.153153153153153	-0.0323239570187676	0
1	155	0.154154154154154	-0.0324485921476986	0
1	156	0.155155155155155	-0.0325722169421243	0
1	157	0.156156156156156	-0.0326948336232782	0
1	158	0.157157157157157	-0.0328164444123937	0
1	159	0.158158158158158	-0.0329370515307042	0
1	160	0.159159159159159	-0.0330566571994433	0
1	161	0.16016016016016	-0.0331752636398444	0
1	162	0.161161161161161	-0.0332928730731408	0
1	163	0.162162162162162	-0.0334094877205662	0
1	164	0.163163163163163	-0.0335251098033539	0
1	165	0.164164164164164	-0.0336397415427374	0
1	166	0.165165165165165	-0.0337533851599501	0
1	167	0.166166166166166	-0.0338660428762255	0
1	168	0.167167167167167	-0.0339777169127971	0
1	169	0.168168168168168	-0.0340884094908983	0
1	170	0.169169169169169	-0.0341981228317626	0
1	171	0.17017017017017	-0.0343068591566234	0
1	172	0.171171171171171	-0.0344146206867142	0
1	173	0.172172172172172	-0.0345214096432683	0
1	174	0.173173173173173	-0.0346272282475194	0
1	175	0.174174174174174	-0.0347320787207008	0
1	176	0.175175175175175	-0.034835963284046	0
1	177	0.176176176176176	-0.0349388841587885	0
1	178	0.177177177177177	-0.0350408435661617	0
1	179	0.178178178178178	-0.035141843727399	0
1	180	0.179179179179179	-0.0352418868637339	0
1	181	0.18018018018018	-0.0353409751963999	0
1	182	0.181181181181181	-0.0354391109466305	0
1	183	0.182182182182182	-0.035536296335659	0
1	184	0.183183183183183	-0.0356325335847189	0
1	185	0.184184184184184	-0.0357278249150437	0
1	186	0.185185185185185	-0.0358221725478669	0
1	187	0.186186186186186	-0.0359155787044218	0
1	188	0.187187187187187	-0.036008045605942	0
1	189	0.188188188188188	-0.036099575473661	0
1	190	0.189189189189189	-0.036190170528812	0
1	191	0.19019019019019	-0.0362798329926287	0
1	192	0.191191191191191	-0.0363685650863445	0
1	193	0.192192192192192	-0.0364563690311928	0
1	194	0.193193193193193	-0.036543247048407	0
1	195	0.194194194194194	-0.0366292013592207	0
1	196	0.195195195195195	-0.0367142341848673	0
1	197	0.196196196196196	-0.0367983477465802	0
1	198	0.197197197197197	-0.036881544265593	0
1	199	0.198198198198198	-0.0369638259631389	0
1	200	0.199199199199199	-0.0370451950604516	0
1	201	0.2002002002002	-0.0371256537787645	0
1	202	0.201201201201201	-0.0372052043393109	0
1	203	0.202202202202202	-0.0372838489633245	0
1	204	0.203203203203203	-0.0373615898720385	0
1	205	0.204204204204204	-0.0374384292866866	0
1	206	0.205205205205205	-0.037514369428502	0
1	207	0.206206206206206	-0.0375894125187184	0
1	208	0.207207207207207	-0.0376635607785691	0
1	209	0.208208208208208	-0.0377368164292876	0
1	210	0.209209209209209	-0.0378091816921074	0
1	211	0.21021021021021	-0.0378806587882619	0
1	212	0.211211211211211	-0.0379512499389845	0
1	213	0.212212212212212	-0.0380209573655088	0
1	214	0.213213213213213	-0.0380897832890681	0
1	215	0.214214214214214	-0.038157729930896	0
1	216	0.215215215215215	-0.0382247995122258	0
1	217	0.216216216216216	-0.0382909942542911	0
1	218	0.217217217217217	-0.0383563163783252	0
1	219	0.218218218218218	-0.0384207681055618	0
1	220	0.219219219219219	-0.0384843516572341	0
1	221	0.22022022022022	-0.0385470692545757	0
1	222	0.221221221221221	-0.0386089231188199	0
1	223	0.222222222222222	-0.0386699154712004	0
1	224	0.223223223223223	-0.0387300485329505	0
1	225	0.224224224224224	-0.0387893245253036	0
1	226	0.225225225225225	-0.0388477456694933	0
1	227	0.226226226226226	-0.0389053141867529	0
1	228	0.227227227227227	-0.038962032298316	0
1	229	0.228228228228228	-0.039017902225416	0
1	230	0.229229229229229	-0.0390729261892864	0
1	231	0.23023023023023	-0.0391271064111605	0
1	232	0.231231231231231	-0.0391804451122719	0
1	233	0.232232232232232	-0.039232944513854	0
1	234	0.233233233233233	-0.0392846068371403	0
1	235	0.234234234234234	-0.0393354343033642	0
1	236	0.235235235235235	-0.0393854291337592	0
1	237	0.236236236236236	-0.0394345935495587	0
1	238	0.237237237237237	-0.0394829297719962	0
1	239	0.238238238238238	-0.0395304400223052	0
1	240	0.239239239239239	-0.039577126521719	0
1	241	0.24024024024024	-0.0396229914914712	0
1	242	0.241241241241241	-0.0396680371527952	0
1	243	0.242242242242242	-0.0397122657269244	0
1	244	0.243243243243243	-0.0397556794350924	0
1	245	0.244244244244244	-0.0397982804985325	0
1	246	0.245245245245245	-0.0398400711384783	0
1	247	0.246246246246246	-0.0398810535761631	0
1	248	0.247247247247247	-0.0399212300328205	0
1	249	0.248248248248248	-0.0399606027296838	0
1	250	0.249249249249249	-0.0399991738879866	0
1	251	0.25025025025025	-0.0400369457289623	0
1	252	0.251251251251251	-0.0400739204738444	0
1	253	0.252252252252252	-0.0401101003438662	0
1	254	0.253253253253253	-0.0401454875602614	0
1	255	0.254254254254254	-0.0401800843442632	0
1	256	0.255255255255255	-0.0402138929171052	0
1	257	0.256256256256256	-0.0402469155000208	0
1	258	0.257257257257257	-0.0402791543142435	0
1	259	0.258258258258258	-0.0403106115810068	0
1	260	0.259259259259259	-0.040341289521544	0
1	261	0.26026026026026	-0.0403711903570887	0
1	262	0.261261261261261	-0.0404003163088743	0
1	263	0.262262262262262	-0.0404286695981342	0
1	264	0.263263263263263	-0.040456252446102	0
1	265	0.264264264264264	-0.040483067074011	0
1	266	0.265265265265265	-0.0405091157030947	0
1	267	0.266266266266266	-0.0405344005545866	0
1	268	0.267267267267267	-0.0405589238497201	0
1	269	0.268268268268268	-0.0405826878097287	0
1	270	0.269269269269269	-0.0406056946558459	0
1	271	0.27027027027027	-0.040627946609305	0
1	272	0.271271271271271	-0.0406494458913396	0
1	273	0.272272272272272	-0.0406701947231831	0
1	274	0.273273273273273	-0.0406901953260689	0
1	275	0.274274274274274	-0.0407094499212306	0
1	276	0.275275275275275	-0.0407279607299015	0
1	277	0.276276276276276	-0.0407457299733151	0
1	278	0.277277277277277	-0.0407627598727049	0
1	279	0.278278278278278	-0.0407790526493044	0
1	280	0.279279279279279	-0.0407946105243469	0
1	281	0.28028028028028	-0.0408094357190659	0
1	282	0.281281281281281	-0.040823530454695	0
1	283	0.282282282282282	-0.0408368969524675	0
1	284	0.283283283283283	-0.0408495374336169	0
1	285	0.284284284284284	-0.0408614541193767	0
1	286	0.285285285285285	-0.0408726492309803	0
1	287	0.286286286286286	-0.0408831249896611	0
1	288	0.287287287287287	-0.0408928836166527	0
1	289	0.288288288288288	-0.0409019273331884	0
1	290	0.289289289289289	-0.0409102583605018	0
1	291	0.29029029029029	-0.0409178789198262	0
1	292	0.291291291291291	-0.0409247912323952	0
1	293	0.292292292292292	-0.0409309975194422	0
1	294	0.293293293293293	-0.0409365000022007	0
1	295	0.294294294294294	-0.040941300901904	0
1	296	0.295295295295295	-0.0409454024397857	0
1	297	0.296296296296296	-0.0409488068370792	0
1	298	0.297297297297297	-0.040951516315018	0
1	299	0.298298298298298	-0.0409535330948355	0
1	300	0.299299299299299	-0.0409548593977652	0
1	301	0.3003003003003	-0.0409554974450406	0
1	302	0.301301301301301	-0.040955449457895	0
1	303	0.302302302302302	-0.0409547176575619	0
1	304	0.303303303303303	-0.0409533042652749	0
1	305	0.304304304304304	-0.0409512115022673	0
1	306	0.305305305305305	-0.0409484415897726	0
1	307	0.306306306306306	-0.0409449967490243	0
1	308	0.307307307307307	-0.0409408792012558	0
1	309	0.308308308308308	-0.0409360911677005	0
1	310	0.309309309309309	-0.040930634869592	0
1	311	0.31031031031031	-0.0409245125281637	0
1	312	0.311311311311311	-0.040917726364649	0
1	313	0.312312312312312	-0.0409102786002814	0
1	314	0.313313313313313	-0.0409021714562943	0
1	315	0.314314314314314	-0.0408934071539212	0
1	316	0.315315315315315	-0.0408839879143956	0
1	317	0.316316316316316	-0.0408739159589509	0
1	318	0.317317317317317	-0.0408631935088206	0
1	319	0.318318318318318	-0.0408518227852381	0
1	320	0.319319319319319	-0.0408398060094368	0
1	321	0.32032032032032	-0.0408271454026503	0
1	322	0.321321321321321	-0.0408138431861119	0
1	323	0.322322322322322	-0.0407999015810552	0
1	324	0.323323323323323	-0.0407853228087136	0
1	325	0.324324324324324	-0.0407701090903205	0
1	326	0.325325325325325	-0.0407542626471095	0
1	327	0.326326326326326	-0.0407377857003139	0
1	328	0.327327327327327	-0.0407206804711672	0
1	329	0.328328328328328	-0.0407029491809028	0
1	330	0.329329329329329	-0.0406845940507543	0
1	331	0.33033033033033	-0.0406656173019551	0
1	332	0.331331331331331	-0.0406460211557386	0
1	333	0.332332332332332	-0.0406258078333382	0
1	334	0.333333333333333	-0.0406049795559875	0
1	335	0.334334334334334	-0.0405835385449199	0
1	336	0.335335335335335	-0.0405614870213689	0
1	337	0.336336336336336	-0.0405388272065678	0
1	338	0.337337337337337	-0.0405155613217502	0
1	339	0.338338338338338	-0.0404916915881496	0
1	340	0.339339339339339	-0.0404672202269993	0
1	341	0.34034034034034	-0.0404421494595328	0
1	342	0.341341341341341	-0.0404164815069835	0
1	343	0.342342342342342	-0.0403902185905851	0
1	344	0.343343343343343	-0.0403633629315708	0
1	345	0.344344344344344	-0.0403359167511741	0
1	346	0.345345345345345	-0.0403078822706285	0
1	347	0.346346346346346	-0.0402792617111675	0
1	348	0.347347347347347	-0.0402500572940245	0
1	349	0.348348348348348	-0.040220271240433	0
1	350	0.349349349349349	-0.0401899057716263	0
1	351	0.35035035035035	-0.0401589631088381	0
1	352	0.351351351351351	-0.0401274454733016	0
1	353	0.352352352352352	-0.0400953550862505	0
1	354	0.353353353353353	-0.040062694168918	0
1	355	0.354354354354354	-0.0400294649425378	0
1	356	0.355355355355355	-0.0399956696283432	0
1	357	0.356356356356356	-0.0399613104475677	0
1	358	0.357357357357357	-0.0399263896214447	0
1	359	0.358358358358358	-0.0398909093712078	0
1	360	0.359359359359359	-0.0398548719180903	0
1	361	0.36036036036036	-0.0398182794833257	0
1	362	0.361361361361361	-0.0397811342881475	0
1	363	0.362362362362362	-0.0397434385537891	0
1	364	0.363363363363363	-0.039705194501484	0
1	365	0.364364364364364	-0.0396664043524656	0
1	366	0.365365365365365	-0.0396270703279675	0
1	367	0.366366366366366	-0.0395871946492229	0
1	368	0.367367367367367	-0.0395467795374655	0
1	369	0.368368368368368	-0.0395058272139286	0
1	370	0.369369369369369	-0.0394643398998457	0
1	371	0.37037037037037	-0.0394223198164503	0
1	372	0.371371371371371	-0.0393797691849759	0
1	373	0.372372372372372	-0.0393366902266557	0
1	374	0.373373373373373	-0.0392930851627234	0
1	375	0.374374374374374	-0.0392489562144124	0
1	376	0.375375375375375	-0.0392043056029562	0
1	377	0.376376376376376	-0.0391591355495881	0
1	378	0.377377377377377	-0.0391134482755416	0
1	379	0.378378378378378	-0.0390672460020503	0
1	380	0.379379379379379	-0.0390205309503475	0
1	381	0.38038038038038	-0.0389733053416668	0
1	382	0.381381381381381	-0.0389255713972414	0
1	383	0.382382382382382	-0.0388773313383051	0
1	384	0.383383383383383	-0.038828587386091	0
1	385	0.384384384384384	-0.0387793417618328	0
1	386	0.385385385385385	-0.038729596686764	0
1	387	0.386386386386386	-0.0386793543821178	0
1	388	0.387387387387387	-0.0386286170691278	0
1	389	0.388388388388388	-0.0385773869690275	0
1	390	0.389389389389389	-0.0385256663030503	0
1	391	0.39039039039039	-0.0384734572924296	0
1	392	0.391391391391391	-0.038420762158399	0
1	393	0.392392392392392	-0.0383675831221918	0
1	394	0.393393393393393	-0.0383139224050415	0
1	395	0.394394394394394	-0.0382597822281816	0
1	396	0.395395395395395	-0.0382051648128456	0
1	397	0.396396396396396	-0.0381500723802668	0
1	398	0.397397397397397	-0.0380945071516788	0
1	399	0.398398398398398	-0.0380384713483149	0
1	400	0.399399399399399	-0.0379819671914087	0
1	401	0.4004004004004	-0.0379249969021936	0
1	402	0.401401401401401	-0.0378675627019031	0
1	403	0.402402402402402	-0.0378096668117706	0
1	404	0.403403403403403	-0.0377513114530296	0
1	405	0.404404404404404	-0.0376924988469134	0
1	406	0.405405405405405	-0.0376332312146557	0
1	407	0.406406406406406	-0.0375735107774898	0
1	408	0.407407407407407	-0.0375133397566491	0
1	409	0.408408408408408	-0.0374527203733672	0
1	410	0.409409409409409	-0.0373916548488776	0
1	411	0.41041041041041	-0.0373301454044135	0
1	412	0.411411411411411	-0.0372681942612086	0
1	413	0.412412412412412	-0.0372058036404962	0
1	414	0.413413413413413	-0.0371429757635099	0
1	415	0.414414414414414	-0.037079712851483	0
1	416	0.415415415415415	-0.037016017125649	0
1	417	0.416416416416416	-0.0369518908072415	0
1	418	0.417417417417417	-0.0368873361174937	0
1	419	0.418418418418418	-0.0368223552776393	0
1	420	0.419419419419419	-0.0367569505089115	0
1	421	0.42042042042042	-0.036691124032544	0
1	422	0.421421421421421	-0.0366248780697702	0
1	423	0.422422422422422	-0.0365582148418234	0
1	424	0.423423423423423	-0.0364911365699372	0
1	425	0.424424424424424	-0.0364236454753451	0
1	426	0.425425425425425	-0.0363557437792803	0
1	427	0.426426426426426	-0.0362874337029766	0
1	428	0.427427427427427	-0.0362187174676672	0
1	429	0.428428428428428	-0.0361495972945856	0
1	430	0.429429429429429	-0.0360800754049653	0
1	431	0.43043043043043	-0.0360101540200398	0
1	432	0.431431431431431	-0.0359398353610425	0
1	433	0.432432432432432	-0.0358691216492068	0
1	434	0.433433433433433	-0.0357980151057663	0
1	435	0.434434434434434	-0.0357265179519543	0
1	436	0.435435435435435	-0.0356546324090043	0
1	437	0.436436436436436	-0.0355823606981498	0
1	438	0.437437437437437	-0.0355097050406242	0
1	439	0.438438438438438	-0.035436667657661	0
1	440	0.439439439439439	-0.0353632507704937	0
1	441	0.44044044044044	-0.0352894566003557	0
1	442	0.441441441441441	-0.0352152873684803	0
1	443	0.442442442442442	-0.0351407452961012	0
1	444	0.443443443443443	-0.0350658326044517	0
1	445	0.444444444444444	-0.0349905515147654	0
1	446	0.445445445445445	-0.0349149042482756	0
1	447	0.446446446446446	-0.0348388930262159	0
1	448	0.447447447447447	-0.0347625200698196	0
1	449	0.448448448448448	-0.0346857876003202	0
1	450	0.449449449449449	-0.0346086978389513	0
1	451	0.45045045045045	-0.0345312530069461	0
1	452	0.451451451451451	-0.0344534553255383	0
1	453	0.452452452452452	-0.0343753070159612	0
1	454	0.453453453453453	-0.0342968102994483	0
1	455	0.454454454454454	-0.0342179673972331	0
1	456	0.455455455455455	-0.034138780530549	0
1	457	0.456456456456456	-0.0340592519206295	0
1	458	0.457457457457457	-0.033979383788708	0
1	459	0.458458458458458	-0.0338991783560179	0
1	460	0.459459459459459	-0.0338186378437928	0
1	461	0.46046046046046	-0.0337377644732661	0
1	462	0.461461461461461	-0.0336565604656712	0
1	463	0.462462462462462	-0.0335750280422416	0
1	464	0.463463463463463	-0.0334931694242108	0
1	465	0.464464464464464	-0.0334109868328122	0
1	466	0.465465465465465	-0.0333284824892792	0
1	467	0.466466466466466	-0.0332456586148454	0
1	468	0.467467467467467	-0.0331625174307441	0
1	469	0.468468468468468	-0.0330790611582088	0
1	470	0.469469469469469	-0.032995292018473	0
1	471	0.47047047047047	-0.0329112122327702	0
1	472	0.471471471471471	-0.0328268240223338	0
1	473	0.472472472472472	-0.0327421296083971	0
1	474	0.473473473473473	-0.0326571312121938	0
1	475	0.474474474474474	-0.0325718310549572	0
1	476	0.475475475475475	-0.0324862313579209	0
1	477	0.476476476476476	-0.0324003343423182	0
1	478	0.477477477477477	-0.0323141422293826	0
1	479	0.478478478478478	-0.0322276572403476	0
1	480	0.479479479479479	-0.0321408815964467	0
1	481	0.48048048048048	-0.0320538175189131	0
1	482	0.481481481481481	-0.0319664672289806	0
1	483	0.482482482482482	-0.0318788329478824	0
1	484	0.483483483483483	-0.0317909168968521	0
1	485	0.484484484484485	-0.031702721297123	0
1	486	0.485485485485485	-0.0316142483699288	0
1	487	0.486486486486487	-0.0315255003365027	0
1	488	0.487487487487487	-0.0314364794180783	0
1	489	0.488488488488488	-0.031347187835889	0
1	490	0.48948948948949	-0.0312576278111683	0
1	491	0.49049049049049	-0.0311678015651496	0
1	492	0.491491491491492	-0.0310777113190664	0
1	493	0.492492492492492	-0.0309873592941522	0
1	494	0.493493493493493	-0.0308967477116403	0
1	495	0.494494494494495	-0.0308058787927643	0
1	496	0.495495495495495	-0.0307147547587576	0
1	497	0.496496496496497	-0.0306233778308536	0
1	498	0.497497497497497	-0.0305317502302859	0
1	499	0.498498498498498	-0.0304398741782878	0
1	500	0.4994994994995	-0.0303477518960928	0
1	501	0.500500500500501	-0.0302553856049344	0
1	502	0.501501501501502	-0.0301627775260461	0
1	503	0.502502502502503	-0.0300699298806612	0
1	504	0.503503503503503	-0.0299768448900132	0
1	505	0.504504504504504	-0.0298835247753357	0
1	506	0.505505505505506	-0.029789971757862	0
1	507	0.506506506506507	-0.0296961880588256	0
1	508	0.507507507507508	-0.02960217589946	0
1	509	0.508508508508508	-0.0295079375009986	0
1	510	0.509509509509509	-0.0294134750846748	0
1	511	0.510510510510511	-0.0293187908717222	0
1	512	0.511511511511512	-0.0292238870833741	0
1	513	0.512512512512513	-0.0291287659408641	0
1	514	0.513513513513513	-0.0290334296654256	0
1	515	0.514514514514514	-0.028937880478292	0
1	516	0.515515515515516	-0.0288421206006968	0
1	517	0.516516516516517	-0.0287461522538735	0
1	518	0.517517517517518	-0.0286499776590554	0
1	519	0.518518518518518	-0.0285535990374761	0
1	520	0.519519519519519	-0.0284570186103691	0
1	521	0.520520520520521	-0.0283602385989677	0
1	522	0.521521521521522	-0.0282632612245054	0
1	523	0.522522522522523	-0.0281660887082157	0
1	524	0.523523523523523	-0.028068723271332	0
1	525	0.524524524524524	-0.0279711671350878	0
1	526	0.525525525525526	-0.0278734225207166	0
1	527	0.526526526526527	-0.0277754916494518	0
1	528	0.527527527527528	-0.0276773767425268	0
1	529	0.528528528528528	-0.0275790800211752	0
1	530	0.529529529529529	-0.0274806037066302	0
1	531	0.530530530530531	-0.0273819500201255	0
1	532	0.531531531531532	-0.0272831211828945	0
1	533	0.532532532532533	-0.0271841194161706	0
1	534	0.533533533533533	-0.0270849469411873	0
1	535	0.534534534534535	-0.026985605979178	0
1	536	0.535535535535536	-0.0268860987513762	0
1	537	0.536536536536537	-0.0267864274790154	0
1	538	0.537537537537538	-0.026686594383329	0
1	539	0.538538538538539	-0.0265866016855503	0
1	540	0.53953953953954	-0.026486451606913	0
1	541	0.540540540540541	-0.0263861463686505	0
1	542	0.541541541541542	-0.0262856881919962	0
1	543	0.542542542542543	-0.0261850792981836	0
1	544	0.543543543543544	-0.0260843219084461	0
1	545	0.544544544544545	-0.0259834182440172	0
1	546	0.545545545545546	-0.0258823705261303	0
1	547	0.546546546546547	-0.0257811809760189	0
1	548	0.547547547547548	-0.0256798518149164	0
1	549	0.548548548548549	-0.0255783852640564	0
1	550	0.54954954954955	-0.0254767835446722	0
1	551	0.550550550550551	-0.0253750488779974	0
1	552	0.551551551551552	-0.0252731834852652	0
1	553	0.552552552552553	-0.0251711895877094	0
1	554	0.553553553553554	-0.0250690694065631	0
1	555	0.554554554554555	-0.02496682516306	0
1	556	0.555555555555556	-0.0248644590784335	0
1	557	0.556556556556557	-0.0247619733739171	0
1	558	0.557557557557558	-0.0246593702707441	0
1	559	0.558558558558559	-0.0245566519901481	0
1	560	0.55955955955956	-0.0244538207533624	0
1	561	0.560560560560561	-0.0243508787816207	0
1	562	0.561561561561562	-0.0242478282961563	0
1	563	0.562562562562563	-0.0241446715182026	0
1	564	0.563563563563564	-0.0240414106689931	0
1	565	0.564564564564565	-0.0239380479697613	0
1	566	0.565565565565566	-0.0238345856417407	0
1	567	0.566566566566567	-0.0237310259061646	0
1	568	0.567567567567568	-0.0236273709842666	0
1	569	0.568568568568569	-0.0235236230972801	0
1	570	0.56956956956957	-0.0234197844664384	0
1	571	0.570570570570571	-0.0233158573129753	0
1	572	0.571571571571572	-0.023211843858124	0
1	573	0.572572572572573	-0.023107746323118	0
1	574	0.573573573573574	-0.0230035669291908	0
1	575	0.574574574574575	-0.0228993078975757	0
1	576	0.575575575575576	-0.0227949714495064	0
1	577	0.576576576576577	-0.0226905598062162	0
1	578	0.577577577577578	-0.0225860751889386	0
1	579	0.578578578578579	-0.022481519818907	0
1	580	0.57957957957958	-0.022376895917355	0
1	581	0.580580580580581	-0.0222722057055159	0
1	582	0.581581581581582	-0.0221674514046231	0
1	583	0.582582582582583	-0.0220626352359103	0
1	584	0.583583583583584	-0.0219577594206108	0
1	585	0.584584584584585	-0.021852826179958	0
1	586	0.585585585585586	-0.0217478377351855	0
1	587	0.586586586586587	-0.0216427963075266	0
1	588	0.587587587587588	-0.0215377041182149	0
1	589	0.588588588588589	-0.0214325633884838	0
1	590	0.58958958958959	-0.0213273763395667	0
1	591	0.590590590590591	-0.0212221451926971	0
1	592	0.591591591591592	-0.0211168721691085	0
1	593	0.592592592592593	-0.0210115594900342	0
1	594	0.593593593593594	-0.0209062093767079	0
1	595	0.594594594594595	-0.0208008240503628	0
1	596	0.595595595595596	-0.0206954057322326	0
1	597	0.596596596596597	-0.0205899566435505	0
1	598	0.597597597597598	-0.0204844790055502	0
1	599	0.598598598598599	-0.0203789750394649	0
1	600	0.5995995995996	-0.0202734469665283	0
1	601	0.600600600600601	-0.0201678970079738	0
1	602	0.601601601601602	-0.0200623273850346	0
1	603	0.602602602602603	-0.0199567403189445	0
1	604	0.603603603603604	-0.0198511380309368	0
1	605	0.604604604604605	-0.0197455227422449	0
1	606	0.605605605605606	-0.0196398966741024	0
1	607	0.606606606606607	-0.0195342620477426	0
1	608	0.607607607607608	-0.0194286210843991	0
1	609	0.608608608608609	-0.0193229760053053	0
1	610	0.60960960960961	-0.0192173290316946	0
1	611	0.610610610610611	-0.0191116823848004	0
1	612	0.611611611611612	-0.0190060382858564	0
1	613	0.612612612612613	-0.0189003989560958	0
1	614	0.613613613613614	-0.0187947666167522	0
1	615	0.614614614614615	-0.018689143489059	0
1	616	0.615615615615616	-0.0185835317942497	0
1	617	0.616616616616617	-0.0184779337535577	0
1	618	0.617617617617618	-0.0183723515882164	0
1	619	0.618618618618619	-0.0182667875194594	0
1	620	0.61961961961962	-0.0181612437685202	0
1	621	0.620620620620621	-0.0180557225566319	0
1	622	0.621621621621622	-0.0179502261050284	0
1	623	0.622622622622623	-0.0178447566349429	0
1	624	0.623623623623624	-0.0177393163676088	0
1	625	0.624624624624625	-0.0176339075242598	0
1	626	0.625625625625626	-0.0175285323261291	0
1	627	0.626626626626627	-0.0174231929944504	0
1	628	0.627627627627628	-0.0173178917504569	0
1	629	0.628628628628629	-0.0172126308153822	0
1	630	0.62962962962963	-0.0171074124104597	0
1	631	0.630630630630631	-0.017002238756923	0
1	632	0.631631631631632	-0.0168971120760054	0
1	633	0.632632632632633	-0.0167920345889403	0
1	634	0.633633633633634	-0.0166870085169614	0
1	635	0.634634634634635	-0.0165820360813019	0
1	636	0.635635635635636	-0.0164771195031955	0
1	637	0.636636636636637	-0.0163722610038754	0
1	638	0.637637637637638	-0.0162674628045751	0
1	639	0.638638638638639	-0.0161627271265282	0
1	640	0.63963963963964	-0.0160580561909681	0
1	641	0.640640640640641	-0.0159534522191283	0
1	642	0.641641641641642	-0.0158489174322421	0
1	643	0.642642642642643	-0.015744454051543	0
1	644	0.643643643643644	-0.0156400642982646	0
1	645	0.644644644644645	-0.0155357503936402	0
1	646	0.645645645645646	-0.0154315145589033	0
1	647	0.646646646646647	-0.0153273590152874	0
1	648	0.647647647647648	-0.0152232859840259	0
1	649	0.648648648648649	-0.0151192976863522	0
1	650	0.64964964964965	-0.0150153963434999	0
1	651	0.650650650650651	-0.0149115841767025	0
1	652	0.651651651651652	-0.0148078634071931	0
1	653	0.652652652652653	-0.0147042362562056	0
1	654	0.653653653653654	-0.0146007049449731	0
1	655	0.654654654654655	-0.0144972716947293	0
1	656	0.655655655655656	-0.0143939387267075	0
1	657	0.656656656656657	-0.0142907082621412	0
1	658	0.657657657657658	-0.0141875825222639	0
1	659	0.658658658658659	-0.014084563728309	0
1	660	0.65965965965966	-0.01398165410151	0
1	661	0.660660660660661	-0.0138788558631003	0
1	662	0.661661661661662	-0.0137761712343133	0
1	663	0.662662662662663	-0.0136736024363827	0
1	664	0.663663663663664	-0.0135711516905418	0
1	665	0.664664664664665	-0.0134688212180239	0
1	666	0.665665665665666	-0.0133666132400627	0
1	667	0.666666666666667	-0.0132645299778915	0
1	668	0.667667667667668	-0.0131625736527438	0
1	669	0.668668668668669	-0.0130607464858531	0
1	670	0.66966966966967	-0.0129590506984529	0
1	671	0.670670670670671	-0.0128574885117765	0
1	672	0.671671671671672	-0.0127560621470575	0
1	673	0.672672672672673	-0.0126547738255291	0
1	674	0.673673673673674	-0.0125536257684251	0
1	675	0.674674674674675	-0.0124526201969787	0
1	676	0.675675675675676	-0.0123517593324236	0
1	677	0.676676676676677	-0.012251045395993	0
1	678	0.677677677677678	-0.0121504806089205	0
1	679	0.678678678678679	-0.0120500671924395	0
1	680	0.67967967967968	-0.0119498073677834	0
1	681	0.680680680680681	-0.0118497033561858	0
1	682	0.681681681681682	-0.01174975737888	0
1	683	0.682682682682683	-0.0116499716570996	0
1	684	0.683683683683684	-0.011550348412078	0
1	685	0.684684684684685	-0.0114508898650485	0
1	686	0.685685685685686	-0.0113515982372449	0
1	687	0.686686686686687	-0.0112524757499003	0
1	688	0.687687687687688	-0.0111535246242484	0
1	689	0.688688688688689	-0.0110547470815225	0
1	690	0.68968968968969	-0.0109561453429562	0
1	691	0.690690690690691	-0.0108577216297828	0
1	692	0.691691691691692	-0.0107594781632358	0
1	693	0.692692692692693	-0.0106614171645488	0
1	694	0.693693693693694	-0.010563540854955	0
1	695	0.694694694694695	-0.010465851455688	0
1	696	0.695695695695696	-0.0103683511879814	0
1	697	0.696696696696697	-0.0102710422730683	0
1	698	0.697697697697698	-0.0101739269321824	0
1	699	0.698698698698699	-0.0100770073865572	0
1	700	0.6996996996997	-0.009980285857426	0
1	701	0.700700700700701	-0.00988376456602236	0
1	702	0.701701701701702	-0.00978744573357967	0
1	703	0.702702702702703	-0.00969133158133134	0
1	704	0.703703703703704	-0.00959542433051092	0
1	705	0.704704704704705	-0.00949972620235187	0
1	706	0.705705705705706	-0.0094042394180876	0
1	707	0.706706706706707	-0.00930896619895161	0
1	708	0.707707707707708	-0.00921390876617728	0
1	709	0.708708708708709	-0.00911906934099815	0
1	710	0.70970970970971	-0.00902445014464753	0
1	711	0.710710710710711	-0.00893005339835912	0
1	712	0.711711711711712	-0.0088358813233661	0
1	713	0.712712712712713	-0.0087419361409021	0
1	714	0.713713713713714	-0.00864822007220054	0
1	715	0.714714714714715	-0.00855473533849482	0
1	716	0.715715715715716	-0.00846148416101844	0
1	717	0.716716716716717	-0.00836846876100497	0
1	718	0.717717717717718	-0.00827569135968761	0
1	719	0.718718718718719	-0.00818315417830001	0
1	720	0.71971971971972	-0.00809085943807553	0
1	721	0.720720720720721	-0.00799880936024774	0
1	722	0.721721721721722	-0.00790700616605	0
1	723	0.722722722722723	-0.00781545207671566	0
1	724	0.723723723723724	-0.00772414931347837	0
1	725	0.724724724724725	-0.00763310009757151	0
1	726	0.725725725725726	-0.00754230665022859	0
1	727	0.726726726726727	-0.00745177119268295	0
1	728	0.727727727727728	-0.0073614959461682	0
1	729	0.728728728728729	-0.00727148313191756	0
1	730	0.72972972972973	-0.0071817349711647	0
1	731	0.730730730730731	-0.00709225368514296	0
1	732	0.731731731731732	-0.00700304149508593	0
1	733	0.732732732732733	-0.00691410062222683	0
1	734	0.733733733733734	-0.00682543328779933	0
1	735	0.734734734734735	-0.00673704171303682	0
1	736	0.735735735735736	-0.00664892811917267	0
1	737	0.736736736736737	-0.00656109472744051	0
1	738	0.737737737737738	-0.00647354375907361	0
1	739	0.738738738738739	-0.00638627743530551	0
1	740	0.73973973973974	-0.00629929797736972	0
1	741	0.740740740740741	-0.00621260760649961	0
1	742	0.741741741741742	-0.00612620854392862	0
1	743	0.742742742742743	-0.00604010301089034	0
1	744	0.743743743743744	-0.00595429322861804	0
1	745	0.744744744744745	-0.00586878141834526	0
1	746	0.745745745745746	-0.00578356980130545	0
1	747	0.746746746746747	-0.00569866059873211	0
1	748	0.747747747747748	-0.00561405603185863	0
1	749	0.748748748748749	-0.00552975832191857	0
1	750	0.74974974974975	-0.00544576969014532	0
1	751	0.750750750750751	-0.00536209235777224	0
1	752	0.751751751751752	-0.00527872854603292	0
1	753	0.752752752752753	-0.00519568047616067	0
1	754	0.753753753753754	-0.00511295036938914	0
1	755	0.754754754754755	-0.00503054044695161	0
1	756	0.755755755755756	-0.00494845293008167	0
1	757	0.756756756756757	-0.00486669004001267	0
1	758	0.757757757757758	-0.00478525399797813	0
1	759	0.758758758758759	-0.00470414702521146	0
1	760	0.75975975975976	-0.0046233713429461	0
1	761	0.760760760760761	-0.00454292917241564	0
1	762	0.761761761761762	-0.00446282273485335	0
1	763	0.762762762762763	-0.0043830542514928	0
1	764	0.763763763763764	-0.0043036259435674	0
1	765	0.764764764764765	-0.00422454003231071	0
1	766	0.765765765765766	-0.00414579873895599	0
1	767	0.766766766766767	-0.00406740428473679	0
1	768	0.767767767767768	-0.00398935889088661	0
1	769	0.768768768768769	-0.00391166477863886	0
1	770	0.76976976976977	-0.00383432416922702	0
1	771	0.770770770770771	-0.00375733928388455	0
1	772	0.771771771771772	-0.00368071234384476	0
1	773	0.772772772772773	-0.00360444557034137	0
1	774	0.773773773773774	-0.00352854118460755	0
1	775	0.774774774774775	-0.00345300140787699	0
1	776	0.775775775775776	-0.0033778284613831	0
1	777	0.776776776776777	-0.00330302456635923	0
1	778	0.777777777777778	-0.00322859194403882	0
1	779	0.778778778778779	-0.0031545328156555	0
1	780	0.77977977977978	-0.0030808494024426	0
1	781	0.780780780780781	-0.00300754392563354	0
1	782	0.781781781781782	-0.00293461860646188	0
1	783	0.782782782782783	-0.00286207566616098	0
1	784	0.783783783783784	-0.00278991732596431	0
1	785	0.784784784784785	-0.0027181458071055	0
1	786	0.785785785785786	-0.00264676333081773	0
1	787	0.786786786786787	-0.00257577211833457	0
1	788	0.787787787787788	-0.0025051743908896	0
1	789	0.788788788788789	-0.00243497236971607	0
1	790	0.78978978978979	-0.00236516827604755	0
1	791	0.790790790790791	-0.00229576433111744	0
1	792	0.791791791791792	-0.00222676275615927	0
1	793	0.792792792792793	-0.00215816577240646	0
1	794	0.793793793793794	-0.00208997560109245	0
1	795	0.794794794794795	-0.00202219446345073	0
1	796	0.795795795795796	-0.00195482458071458	0
1	797	0.796796796796797	-0.00188786817411773	0
1	798	0.797797797797798	-0.0018213274648935	0
1	799	0.798798798798799	-0.00175520467427528	0
1	800	0.7997997997998	-0.00168950202349669	0
1	801	0.800800800800801	-0.00162422173379098	0
1	802	0.801801801801802	-0.00155936602639176	0
1	803	0.802802802802803	-0.00149493712253246	0
1	804	0.803803803803804	-0.00143093724344656	0
1	805	0.804804804804805	-0.00136736861036735	0
1	806	0.805805805805806	-0.00130423344452846	0
1	807	0.806806806806807	-0.00124153396716328	0
1	808	0.807807807807808	-0.00117927239950527	0
1	809	0.808808808808809	-0.0011174509627879	0
1	810	0.80980980980981	-0.00105607187824455	0
1	811	0.810810810810811	-0.000995137367108878	0
1	812	0.811811811811812	-0.000934649650614017	0
1	813	0.812812812812813	-0.00087461094999372	0
1	814	0.813813813813814	-0.000815023486481298	0
1	815	0.814814814814815	-0.000755889481310223	0
1	816	0.815815815815816	-0.000697211155714	0
1	817	0.816816816816817	-0.000638990730925937	0
1	818	0.817817817817818	-0.000581230428179702	0
1	819	0.818818818818819	-0.000523932468708604	0
1	820	0.81981981981982	-0.000467099073746036	0
1	821	0.820820820820821	-0.000410732464525665	0
1	822	0.821821821821822	-0.000354834862280773	0
1	823	0.822822822822823	-0.000299408488245001	0
1	824	0.823823823823824	-0.000244455563651491	0
1	825	0.824824824824825	-0.000189978309733996	0
1	826	0.825825825825826	-0.000135978947725823	0
1	827	0.826826826826827	-8.24596988605597e-05	0
1	828	0.827827827827828	-2.94227843714578e-05	0
1	829	0.828828828828829	2.31295745079518e-05	0
1	830	0.82982982982983	7.51951565441389e-05	0
1	831	0.830830830830831	0.000126771740503739	0
1	832	0.831831831831832	0.000177857105153223	0
1	833	0.832832832832833	0.00022844902925917	0
1	834	0.833833833833834	0.000278545291588106	0
1	835	0.834834834834835	0.000328143670906611	0
1	836	0.835835835835836	0.00037724194598121	0
1	837	0.836836836836837	0.000425837895578374	0
1	838	0.837837837837838	0.000473929298464848	0
1	839	0.838838838838839	0.000521513933407047	0
1	840	0.83983983983984	0.000568589579171441	0
1	841	0.840840840840841	0.000615154014524666	0
1	842	0.841841841841842	0.000661205018233302	0
1	843	0.842842842842843	0.000706740369063819	0
1	844	0.843843843843844	0.000751757845782852	0
1	845	0.844844844844845	0.000796255227156872	0
1	846	0.845845845845846	0.000840230291952404	0
1	847	0.846846846846847	0.000883680818936139	0
1	848	0.847847847847848	0.000926604586874324	0
1	849	0.848848848848849	0.000968999374533819	0
1	850	0.84984984984985	0.00101086296068104	0
1	851	0.850850850850851	0.00105219312408256	0
1	852	0.851851851851852	0.00109298764350479	0
1	853	0.852852852852853	0.00113324429771444	0
1	854	0.853853853853854	0.00117296086547808	0
1	855	0.854854854854855	0.00121213512556212	0
1	856	0.855855855855856	0.00125076485673309	0
1	857	0.856856856856857	0.00128884783775779	0
1	858	0.857857857857858	0.00132638184740236	0
1	859	0.858858858858859	0.00136336466443376	0
1	860	0.85985985985986	0.00139979406761825	0
1	861	0.860860860860861	0.00143566783572247	0
1	862	0.861861861861862	0.00147098374751298	0
1	863	0.862862862862863	0.00150573958175626	0
1	864	0.863863863863864	0.00153993311721895	0
1	865	0.864864864864865	0.00157356213266757	0
1	866	0.865865865865866	0.00160662440686865	0
1	867	0.866866866866867	0.00163911771858866	0
1	868	0.867867867867868	0.00167103984659422	0
1	869	0.868868868868869	0.00170238856965199	0
1	870	0.86986986986987	0.00173316166652837	0
1	871	0.870870870870871	0.00176335691598983	0
1	872	0.871871871871872	0.00179297209680312	0
1	873	0.872872872872873	0.0018220049877346	0
1	874	0.873873873873874	0.00185045336755091	0
1	875	0.874874874874875	0.00187831501501856	0
1	876	0.875875875875876	0.0019055877089042	0
1	877	0.876876876876877	0.00193226922797429	0
1	878	0.877877877877878	0.00195835735099537	0
1	879	0.878878878878879	0.001983849856734	0
1	880	0.87987987987988	0.00200874452395672	0
1	881	0.880880880880881	0.00203303913142988	0
1	882	0.881881881881882	0.00205673145792051	0
1	883	0.882882882882883	0.00207981928219469	0
1	884	0.883883883883884	0.00210230038301917	0
1	885	0.884884884884885	0.00212417253916053	0
1	886	0.885885885885886	0.00214543352938529	0
1	887	0.886886886886887	0.00216608113245975	0
1	888	0.887887887887888	0.00218611312715078	0
1	889	0.888888888888889	0.00220552729222484	0
1	890	0.88988988988989	0.00222432140644846	0
1	891	0.890890890890891	0.00224249324858811	0
1	892	0.891891891891892	0.00226004059741031	0
1	893	0.892892892892893	0.00227696123168175	0
1	894	0.893893893893894	0.00229325293016902	0
1	895	0.894894894894895	0.00230891347163847	0
1	896	0.895895895895896	0.00232394063485675	0
1	897	0.896896896896897	0.00233833219859036	0
1	898	0.897897897897898	0.00235208594160602	0
1	899	0.898898898898899	0.00236519964266996	0
1	900	0.8998998998999	0.00237767108054887	0
1	901	0.900900900900901	0.00238949803400945	0
1	902	0.901901901901902	0.00240067828181806	0
1	903	0.902902902902903	0.00241120960274127	0
1	904	0.903903903903904	0.00242108977554567	0
1	905	0.904904904904905	0.00243031657899789	0
1	906	0.905905905905906	0.0024388877918643	0
1	907	0.906906906906907	0.00244680119291152	0
1	908	0.907907907907908	0.00245405456090614	0
1	909	0.908908908908909	0.00246064567461463	0
1	910	0.90990990990991	0.00246657231280345	0
1	911	0.910910910910911	0.00247183225423936	0
1	912	0.911911911911912	0.00247642327768888	0
1	913	0.912912912912913	0.00248034316191853	0
1	914	0.913913913913914	0.00248358968569462	0
1	915	0.914914914914915	0.0024861606277839	0
1	916	0.915915915915916	0.00248805376695305	0
1	917	0.916916916916917	0.00248926688196843	0
1	918	0.917917917917918	0.00248979775159647	0
1	919	0.918918918918919	0.00248964415460406	0
1	920	0.91991991991992	0.00248880386975747	0
1	921	0.920920920920921	0.00248727467582333	0
1	922	0.921921921921922	0.00248505435156809	0
1	923	0.922922922922923	0.00248214067575853	0
1	924	0.923923923923924	0.00247853142716087	0
1	925	0.924924924924925	0.00247422438454203	0
1	926	0.925925925925926	0.00246921732666833	0
1	927	0.926926926926927	0.00246350803230627	0
1	928	0.927927927927928	0.00245709428022256	0
1	929	0.928928928928929	0.0024499738491835	0
1	930	0.92992992992993	0.00244214451795599	0
1	931	0.930930930930931	0.00243360406530624	0
1	932	0.931931931931932	0.00242435027000104	0
1	933	0.932932932932933	0.00241438091080681	0
1	934	0.933933933933934	0.00240369376649013	0
1	935	0.934934934934935	0.00239228661581742	0
1	936	0.935935935935936	0.00238015723755536	0
1	937	0.936936936936937	0.00236730341047064	0
1	938	0.937937937937938	0.00235372291332941	0
1	939	0.938938938938939	0.00233941352489864	0
1	940	0.93993993993994	0.00232437302394456	0
1	941	0.940940940940941	0.00230859918923376	0
1	942	0.941941941941942	0.00229208979953294	0
1	943	0.942942942942943	0.00227484263360855	0
1	944	0.943943943943944	0.00225685547022725	0
1	945	0.944944944944945	0.00223812608815532	0
1	946	0.945945945945946	0.00221865226615964	0
1	947	0.946946946946947	0.00219843178300644	0
1	948	0.947947947947948	0.00217746241746247	0
1	949	0.948948948948949	0.00215574194829421	0
1	950	0.94994994994995	0.00213326815426818	0
1	951	0.950950950950951	0.00211003881415101	0
1	952	0.951951951951952	0.00208605170670922	0
1	953	0.952952952952953	0.00206130461070919	0
1	954	0.953953953953954	0.00203579530491765	0
1	955	0.954954954954955	0.00200952156810119	0
1	956	0.955955955955956	0.00198248117902616	0
1	957	0.956956956956957	0.00195467191645926	0
1	958	0.957957957957958	0.00192609155916701	0
1	959	0.958958958958959	0.00189673788591577	0
1	960	0.95995995995996	0.00186660867547234	0
1	961	0.960960960960961	0.00183570170660324	0
1	962	0.961961961961962	0.0018040147580749	0
1	963	0.962962962962963	0.00177154560865389	0
1	964	0.963963963963964	0.00173829203710674	0
1	965	0.964964964964965	0.00170425182220019	0
1	966	0.965965965965966	0.00166942274270032	0
1	967	0.966966966966967	0.00163380257737422	0
1	968	0.967967967967968	0.00159738910498813	0
1	969	0.968968968968969	0.00156018010430875	0
1	970	0.96996996996997	0.00152217335410237	0
1	971	0.970970970970971	0.00148336663313581	0
1	972	0.971971971971972	0.00144375772017552	0
1	973	0.972972972972973	0.00140334439398787	0
1	974	0.973973973973974	0.00136212443333972	0
1	975	0.974974974974975	0.00132009561699742	0
1	976	0.975975975975976	0.00127725572372767	0
1	977	0.976976976976977	0.00123360253229682	0
1	978	0.977977977977978	0.00118913382147134	0
1	979	0.978978978978979	0.0011438473700181	0
1	980	0.97997997997998	0.00109774095670345	0
1	981	0.980980980980981	0.00105081236029397	0
1	982	0.981981981981982	0.00100305935955619	0
1	983	0.982982982982983	0.000954479733256686	0
1	984	0.983983983983984	0.000905071260161872	0
1	985	0.984984984984985	0.000854831719038607	0
1	986	0.985985985985986	0.000803758888653139	0
1	987	0.986986986986987	0.000751850547772048	0
1	988	0.987987987987988	0.000699104475161971	0
1	989	0.988988988988989	0.000645518449589377	0
1	990	0.98998998998999	0.000591090249820903	0
1	991	0.990990990990991	0.000535817654623127	0
1	992	0.991991991991992	0.000479698442762355	0
1	993	0.992992992992993	0.000422730393005388	0
1	994	0.993993993993994	0.00036491128411853	0
1	995	0.994994994994995	0.000306238894868638	0
1	996	0.995995995995996	0.000246711004022127	0
1	997	0.996996996996997	0.000186325390345354	0
1	998	0.997997997997998	0.000125079832605068	0
1	999	0.998998998998999	6.29721095678493e-05	0
1	1000	1	0	0
