1	1	0	0	0
1	2	0.001001001001001	0.000156467174717701	0
1	3	0.002002002002002	0.000313097445892965	0
1	4	0.003003003003003	0.000469889379249172	0
1	5	0.004004004004004	0.000626841540509704	0
1	6	0.005005005005005	0.00078395249539794	0
1	7	0.00600600600600601	0.00094122080963726	0
1	8	0.00700700700700701	0.00109864504895105	0
1	9	0.00800800800800801	0.00125622377906268	0
1	10	0.00900900900900901	0.00141395556569553	0
1	11	0.01001001001001	0.00157183897457299	0
1	12	0.011011011011011	0.00172987257141844	0
1	13	0.012012012012012	0.00188805492195526	0
1	14	0.013013013013013	0.00204638459190682	0
1	15	0.014014014014014	0.00220486014699651	0
1	16	0.015015015015015	0.0023634801529477	0
1	17	0.016016016016016	0.00252224317548379	0
1	18	0.017017017017017	0.00268114778032814	0
1	19	0.018018018018018	0.00284019253320414	0
1	20	0.019019019019019	0.00299937599983517	0
1	21	0.02002002002002	0.0031586967459446	0
1	22	0.021021021021021	0.00331815333725583	0
1	23	0.022022022022022	0.00347774433949223	0
1	24	0.023023023023023	0.00363746831837717	0
1	25	0.024024024024024	0.00379732383963405	0
1	26	0.025025025025025	0.00395730946898624	0
1	27	0.026026026026026	0.00411742377215712	0
1	28	0.027027027027027	0.00427766531487006	0
1	29	0.028028028028028	0.00443803266284846	0
1	30	0.029029029029029	0.0045985243818157	0
1	31	0.03003003003003	0.00475913903749514	0
1	32	0.031031031031031	0.00491987519561018	0
1	33	0.032032032032032	0.00508073142188419	0
1	34	0.033033033033033	0.00524170628204055	0
1	35	0.034034034034034	0.00540279834180264	0
1	36	0.035035035035035	0.00556400616689385	0
1	37	0.036036036036036	0.00572532832303756	0
1	38	0.037037037037037	0.00588676337595713	0
1	39	0.038038038038038	0.00604830989137597	0
1	40	0.039039039039039	0.00620996643501743	0
1	41	0.04004004004004	0.00637173157260491	0
1	42	0.041041041041041	0.00653360386986179	0
1	43	0.042042042042042	0.00669558189251144	0
1	44	0.043043043043043	0.00685766420627725	0
1	45	0.044044044044044	0.0070198493768826	0
1	46	0.045045045045045	0.00718213597005086	0
1	47	0.046046046046046	0.00734452255150542	0
1	48	0.047047047047047	0.00750700768696966	0
1	49	0.048048048048048	0.00766958994216695	0
1	50	0.049049049049049	0.00783226788282068	0
1	51	0.0500500500500501	0.00799504007465423	0
1	52	0.0510510510510511	0.00815790508339098	0
1	53	0.0520520520520521	0.00832086147475431	0
1	54	0.0530530530530531	0.00848390781446759	0
1	55	0.0540540540540541	0.00864704266825422	0
1	56	0.0550550550550551	0.00881026460183757	0
1	57	0.0560560560560561	0.00897357218094101	0
1	58	0.0570570570570571	0.00913696397128794	0
1	59	0.0580580580580581	0.00930043853860173	0
1	60	0.0590590590590591	0.00946399444860576	0
1	61	0.0600600600600601	0.00962763026702341	0
1	62	0.0610610610610611	0.00979134455957806	0
1	63	0.0620620620620621	0.00995513589199309	0
1	64	0.0630630630630631	0.0101190028299919	0
1	65	0.0640640640640641	0.0102829439392978	0
1	66	0.0650650650650651	0.0104469577856343	0
1	67	0.0660660660660661	0.0106110429347247	0
1	68	0.0670670670670671	0.0107751979522923	0
1	69	0.0680680680680681	0.0109394214040606	0
1	70	0.0690690690690691	0.011103711855753	0
1	71	0.0700700700700701	0.0112680678730928	0
1	72	0.0710710710710711	0.0114324880218033	0
1	73	0.0720720720720721	0.0115969708676081	0
1	74	0.0730730730730731	0.0117615149762304	0
1	75	0.0740740740740741	0.0119261189133937	0
1	76	0.0750750750750751	0.0120907812448213	0
1	77	0.0760760760760761	0.0122555005362366	0
1	78	0.0770770770770771	0.012420275353363	0
1	79	0.0780780780780781	0.0125851042619239	0
1	80	0.0790790790790791	0.0127499858276426	0
1	81	0.0800800800800801	0.0129149186162426	0
1	82	0.0810810810810811	0.0130799011934471	0
1	83	0.0820820820820821	0.0132449321249797	0
1	84	0.0830830830830831	0.0134100099765636	0
1	85	0.0840840840840841	0.0135751333139222	0
1	86	0.0850850850850851	0.013740300702779	0
1	87	0.0860860860860861	0.0139055107088573	0
1	88	0.0870870870870871	0.0140707618978805	0
1	89	0.0880880880880881	0.0142360528355719	0
1	90	0.0890890890890891	0.014401382087655	0
1	91	0.0900900900900901	0.0145667482198532	0
1	92	0.0910910910910911	0.0147321497978897	0
1	93	0.0920920920920921	0.0148975853874881	0
1	94	0.0930930930930931	0.0150630535543716	0
1	95	0.0940940940940941	0.0152285528642636	0
1	96	0.0950950950950951	0.0153940818828876	0
1	97	0.0960960960960961	0.0155596391759669	0
1	98	0.0970970970970971	0.0157252233092249	0
1	99	0.0980980980980981	0.015890832848385	0
1	100	0.0990990990990991	0.0160564663591705	0
1	101	0.1001001001001	0.0162221224073049	0
1	102	0.101101101101101	0.0163877995585115	0
1	103	0.102102102102102	0.0165534963785136	0
1	104	0.103103103103103	0.0167192114330348	0
1	105	0.104104104104104	0.0168849432877983	0
1	106	0.105105105105105	0.0170506905085275	0
1	107	0.106106106106106	0.0172164516609459	0
1	108	0.107107107107107	0.0173822253107767	0
1	109	0.108108108108108	0.0175480100237434	0
1	110	0.109109109109109	0.0177138043655694	0
1	111	0.11011011011011	0.017879606901978	0
1	112	0.111111111111111	0.0180454161986926	0
1	113	0.112112112112112	0.0182112308214367	0
1	114	0.113113113113113	0.0183770493359335	0
1	115	0.114114114114114	0.0185428703079064	0
1	116	0.115115115115115	0.0187086923030789	0
1	117	0.116116116116116	0.0188745138871744	0
1	118	0.117117117117117	0.0190403336259161	0
1	119	0.118118118118118	0.0192061500850275	0
1	120	0.119119119119119	0.0193719618302319	0
1	121	0.12012012012012	0.0195377674272528	0
1	122	0.121121121121121	0.0197035654418136	0
1	123	0.122122122122122	0.0198693544396375	0
1	124	0.123123123123123	0.020035132986448	0
1	125	0.124124124124124	0.0202008996479684	0
1	126	0.125125125125125	0.0203666529899223	0
1	127	0.126126126126126	0.0205323915780328	0
1	128	0.127127127127127	0.0206981139780234	0
1	129	0.128128128128128	0.0208638187556175	0
1	130	0.129129129129129	0.0210295044765385	0
1	131	0.13013013013013	0.0211951697065097	0
1	132	0.131131131131131	0.0213608130112545	0
1	133	0.132132132132132	0.0215264329564964	0
1	134	0.133133133133133	0.0216920281079586	0
1	135	0.134134134134134	0.0218575970313646	0
1	136	0.135135135135135	0.0220231382924377	0
1	137	0.136136136136136	0.0221886504569014	0
1	138	0.137137137137137	0.022354132090479	0
1	139	0.138138138138138	0.0225195817588938	0
1	140	0.139139139139139	0.0226849980278693	0
1	141	0.14014014014014	0.0228503794631289	0
1	142	0.141141141141141	0.0230157246303959	0
1	143	0.142142142142142	0.0231810320953937	0
1	144	0.143143143143143	0.0233463004238457	0
1	145	0.144144144144144	0.0235115281814752	0
1	146	0.145145145145145	0.0236767139340057	0
1	147	0.146146146146146	0.0238418562471606	0
1	148	0.147147147147147	0.0240069536866631	0
1	149	0.148148148148148	0.0241720048182367	0
1	150	0.149149149149149	0.0243370082076048	0
1	151	0.15015015015015	0.0245019624204908	0
1	152	0.151151151151151	0.0246668660226179	0
1	153	0.152152152152152	0.0248317175797097	0
1	154	0.153153153153153	0.0249965156574895	0
1	155	0.154154154154154	0.0251612588216806	0
1	156	0.155155155155155	0.0253259456380065	0
1	157	0.156156156156156	0.0254905746721906	0
1	158	0.157157157157157	0.0256551444899561	0
1	159	0.158158158158158	0.0258196536570265	0
1	160	0.159159159159159	0.0259841007391252	0
1	161	0.16016016016016	0.0261484843019756	0
1	162	0.161161161161161	0.026312802911301	0
1	163	0.162162162162162	0.0264770551328248	0
1	164	0.163163163163163	0.0266412395322704	0
1	165	0.164164164164164	0.0268053546753611	0
1	166	0.165165165165165	0.0269693991278204	0
1	167	0.166166166166166	0.0271333714553717	0
1	168	0.167167167167167	0.0272972702237383	0
1	169	0.168168168168168	0.0274610939986435	0
1	170	0.169169169169169	0.0276248413458109	0
1	171	0.17017017017017	0.0277885108309637	0
1	172	0.171171171171171	0.0279521010198253	0
1	173	0.172172172172172	0.0281156104781191	0
1	174	0.173173173173173	0.0282790377715686	0
1	175	0.174174174174174	0.028442381465897	0
1	176	0.175175175175175	0.0286056401268278	0
1	177	0.176176176176176	0.0287688123200843	0
1	178	0.177177177177177	0.0289318966113899	0
1	179	0.178178178178178	0.0290948915664681	0
1	180	0.179179179179179	0.0292577957510421	0
1	181	0.18018018018018	0.0294206077308353	0
1	182	0.181181181181181	0.0295833260715712	0
1	183	0.182182182182182	0.0297459493389732	0
1	184	0.183183183183183	0.0299084760987645	0
1	185	0.184184184184184	0.0300709049166686	0
1	186	0.185185185185185	0.0302332343584089	0
1	187	0.186186186186186	0.0303954629897087	0
1	188	0.187187187187187	0.0305575893762914	0
1	189	0.188188188188188	0.0307196120838804	0
1	190	0.189189189189189	0.0308815296781991	0
1	191	0.19019019019019	0.0310433407249709	0
1	192	0.191191191191191	0.0312050437899191	0
1	193	0.192192192192192	0.0313666374387671	0
1	194	0.193193193193193	0.0315281202372384	0
1	195	0.194194194194194	0.0316894907510562	0
1	196	0.195195195195195	0.031850747545944	0
1	197	0.196196196196196	0.0320118891876251	0
1	198	0.197197197197197	0.032172914241823	0
1	199	0.198198198198198	0.0323338212742609	0
1	200	0.199199199199199	0.0324946088506624	0
1	201	0.2002002002002	0.0326552755367507	0
1	202	0.201201201201201	0.0328158198982492	0
1	203	0.202202202202202	0.0329762405008814	0
1	204	0.203203203203203	0.0331365359103706	0
1	205	0.204204204204204	0.0332967046924401	0
1	206	0.205205205205205	0.0334567454128135	0
1	207	0.206206206206206	0.0336166566372139	0
1	208	0.207207207207207	0.033776436931365	0
1	209	0.208208208208208	0.0339360848609899	0
1	210	0.209209209209209	0.0340955989918121	0
1	211	0.21021021021021	0.0342549778895549	0
1	212	0.211211211211211	0.0344142201199419	0
1	213	0.212212212212212	0.0345733242486962	0
1	214	0.213213213213213	0.0347322888415414	0
1	215	0.214214214214214	0.0348911124642007	0
1	216	0.215215215215215	0.0350497936823976	0
1	217	0.216216216216216	0.0352083310618555	0
1	218	0.217217217217217	0.0353667231682977	0
1	219	0.218218218218218	0.0355249685674476	0
1	220	0.219219219219219	0.0356830658250286	0
1	221	0.22022022022022	0.035841013506764	0
1	222	0.221221221221221	0.0359988101783774	0
1	223	0.222222222222222	0.0361564544055919	0
1	224	0.223223223223223	0.0363139447541311	0
1	225	0.224224224224224	0.0364712797897182	0
1	226	0.225225225225225	0.0366284580780767	0
1	227	0.226226226226226	0.03678547818493	0
1	228	0.227227227227227	0.0369423386760014	0
1	229	0.228228228228228	0.0370990381170144	0
1	230	0.229229229229229	0.0372555750736922	0
1	231	0.23023023023023	0.0374119481117583	0
1	232	0.231231231231231	0.037568155796936	0
1	233	0.232232232232232	0.0377241966949488	0
1	234	0.233233233233233	0.03788006937152	0
1	235	0.234234234234234	0.038035772392373	0
1	236	0.235235235235235	0.0381913043232311	0
1	237	0.236236236236236	0.0383466637298179	0
1	238	0.237237237237237	0.0385018491778565	0
1	239	0.238238238238238	0.0386568592330705	0
1	240	0.239239239239239	0.0388116924611832	0
1	241	0.24024024024024	0.0389663474279179	0
1	242	0.241241241241241	0.0391208226989981	0
1	243	0.242242242242242	0.0392751168401472	0
1	244	0.243243243243243	0.0394292284170885	0
1	245	0.244244244244244	0.0395831559955453	0
1	246	0.245245245245245	0.0397368981412412	0
1	247	0.246246246246246	0.0398904534198994	0
1	248	0.247247247247247	0.0400438203972433	0
1	249	0.248248248248248	0.0401969976389964	0
1	250	0.249249249249249	0.0403499837108819	0
1	251	0.25025025025025	0.0405027771786234	0
1	252	0.251251251251251	0.0406553766079441	0
1	253	0.252252252252252	0.0408077805645674	0
1	254	0.253253253253253	0.0409599876142168	0
1	255	0.254254254254254	0.0411119963226155	0
1	256	0.255255255255255	0.0412638052554871	0
1	257	0.256256256256256	0.0414154129785548	0
1	258	0.257257257257257	0.041566818057542	0
1	259	0.258258258258258	0.0417180190581722	0
1	260	0.259259259259259	0.0418690145461687	0
1	261	0.26026026026026	0.0420198030872549	0
1	262	0.261261261261261	0.0421703832471541	0
1	263	0.262262262262262	0.0423207535915897	0
1	264	0.263263263263263	0.0424709126862852	0
1	265	0.264264264264264	0.0426208590969639	0
1	266	0.265265265265265	0.0427705913893492	0
1	267	0.266266266266266	0.0429201081291645	0
1	268	0.267267267267267	0.0430694078821331	0
1	269	0.268268268268268	0.0432184892139784	0
1	270	0.269269269269269	0.0433673506904238	0
1	271	0.27027027027027	0.0435159908771927	0
1	272	0.271271271271271	0.0436644083400085	0
1	273	0.272272272272272	0.0438126016445945	0
1	274	0.273273273273273	0.0439605693566742	0
1	275	0.274274274274274	0.0441083100419708	0
1	276	0.275275275275275	0.0442558222662079	0
1	277	0.276276276276276	0.0444031045951087	0
1	278	0.277277277277277	0.0445501555943967	0
1	279	0.278278278278278	0.0446969738297952	0
1	280	0.279279279279279	0.0448435578670276	0
1	281	0.28028028028028	0.0449899062718173	0
1	282	0.281281281281281	0.0451360176098876	0
1	283	0.282282282282282	0.0452818904469621	0
1	284	0.283283283283283	0.0454275233487639	0
1	285	0.284284284284284	0.0455729148810166	0
1	286	0.285285285285285	0.0457180636094434	0
1	287	0.286286286286286	0.0458629680997678	0
1	288	0.287287287287287	0.0460076269177132	0
1	289	0.288288288288288	0.0461520386290029	0
1	290	0.289289289289289	0.0462962017993603	0
1	291	0.29029029029029	0.0464401149945088	0
1	292	0.291291291291291	0.0465837767801718	0
1	293	0.292292292292292	0.0467271857220726	0
1	294	0.293293293293293	0.0468703403859347	0
1	295	0.294294294294294	0.0470132393374814	0
1	296	0.295295295295295	0.0471558811424361	0
1	297	0.296296296296296	0.0472982643665221	0
1	298	0.297297297297297	0.0474403875754629	0
1	299	0.298298298298298	0.0475822493349819	0
1	300	0.299299299299299	0.0477238482108023	0
1	301	0.3003003003003	0.0478651827686477	0
1	302	0.301301301301301	0.0480062515742413	0
1	303	0.302302302302302	0.0481470531933066	0
1	304	0.303303303303303	0.0482875861915669	0
1	305	0.304304304304304	0.0484278491347456	0
1	306	0.305305305305305	0.0485678405885662	0
1	307	0.306306306306306	0.0487075591187519	0
1	308	0.307307307307307	0.0488470032910262	0
1	309	0.308308308308308	0.0489861716711124	0
1	310	0.309309309309309	0.0491250628247339	0
1	311	0.31031031031031	0.0492636753176141	0
1	312	0.311311311311311	0.0494020077154764	0
1	313	0.312312312312312	0.0495400585840442	0
1	314	0.313313313313313	0.0496778264890408	0
1	315	0.314314314314314	0.0498153099961896	0
1	316	0.315315315315315	0.0499525076712141	0
1	317	0.316316316316316	0.0500894180798375	0
1	318	0.317317317317317	0.0502260397877833	0
1	319	0.318318318318318	0.0503623713607748	0
1	320	0.319319319319319	0.0504984113645354	0
1	321	0.32032032032032	0.0506341583647885	0
1	322	0.321321321321321	0.0507696109272575	0
1	323	0.322322322322322	0.0509047676176658	0
1	324	0.323323323323323	0.0510396270017368	0
1	325	0.324324324324324	0.0511741876451937	0
1	326	0.325325325325325	0.05130844811376	0
1	327	0.326326326326326	0.0514424069731592	0
1	328	0.327327327327327	0.0515760627891145	0
1	329	0.328328328328328	0.0517094141273493	0
1	330	0.329329329329329	0.0518424595535871	0
1	331	0.33033033033033	0.0519751976335512	0
1	332	0.331331331331331	0.0521076269329649	0
1	333	0.332332332332332	0.0522397460175517	0
1	334	0.333333333333333	0.052371553453035	0
1	335	0.334334334334334	0.0525030478051381	0
1	336	0.335335335335335	0.0526342276395844	0
1	337	0.336336336336336	0.0527650915220973	0
1	338	0.337337337337337	0.0528956380184002	0
1	339	0.338338338338338	0.0530258656942164	0
1	340	0.339339339339339	0.0531557731152693	0
1	341	0.34034034034034	0.0532853588472823	0
1	342	0.341341341341341	0.0534146214559789	0
1	343	0.342342342342342	0.0535435595070823	0
1	344	0.343343343343343	0.0536721715663159	0
1	345	0.344344344344344	0.0538004561994032	0
1	346	0.345345345345345	0.0539284119720675	0
1	347	0.346346346346346	0.0540560374500322	0
1	348	0.347347347347347	0.0541833311990206	0
1	349	0.348348348348348	0.0543102917847562	0
1	350	0.349349349349349	0.0544369177729623	0
1	351	0.35035035035035	0.0545632077293624	0
1	352	0.351351351351351	0.0546891602196797	0
1	353	0.352352352352352	0.0548147738096377	0
1	354	0.353353353353353	0.0549400470649598	0
1	355	0.354354354354354	0.0550649785513693	0
1	356	0.355355355355355	0.0551895668345896	0
1	357	0.356356356356356	0.0553138104803441	0
1	358	0.357357357357357	0.0554377080543561	0
1	359	0.358358358358358	0.0555612581223491	0
1	360	0.359359359359359	0.0556844592500465	0
1	361	0.36036036036036	0.0558073100031716	0
1	362	0.361361361361361	0.0559298089474477	0
1	363	0.362362362362362	0.0560519546485984	0
1	364	0.363363363363363	0.0561737456723469	0
1	365	0.364364364364364	0.0562951805844166	0
1	366	0.365365365365365	0.056416257950531	0
1	367	0.366366366366366	0.0565369763364133	0
1	368	0.367367367367367	0.056657334307787	0
1	369	0.368368368368368	0.0567773304303755	0
1	370	0.369369369369369	0.0568969632699021	0
1	371	0.37037037037037	0.0570162313920903	0
1	372	0.371371371371371	0.0571351333626633	0
1	373	0.372372372372372	0.0572536677473446	0
1	374	0.373373373373373	0.0573718331118576	0
1	375	0.374374374374374	0.0574896280219256	0
1	376	0.375375375375375	0.057607051043272	0
1	377	0.376376376376376	0.0577241007416202	0
1	378	0.377377377377377	0.0578407756826936	0
1	379	0.378378378378378	0.0579570744322156	0
1	380	0.379379379379379	0.0580729955559095	0
1	381	0.38038038038038	0.0581885376194987	0
1	382	0.381381381381381	0.0583036991887067	0
1	383	0.382382382382382	0.0584184788292567	0
1	384	0.383383383383383	0.0585328751068721	0
1	385	0.384384384384384	0.0586468865872765	0
1	386	0.385385385385385	0.058760511836193	0
1	387	0.386386386386386	0.0588737494193451	0
1	388	0.387387387387387	0.0589865979024562	0
1	389	0.388388388388388	0.0590990558512497	0
1	390	0.389389389389389	0.0592111218314489	0
1	391	0.39039039039039	0.0593227944087773	0
1	392	0.391391391391391	0.0594340721489582	0
1	393	0.392392392392392	0.0595449536177149	0
1	394	0.393393393393393	0.0596554373807709	0
1	395	0.394394394394394	0.0597655220038495	0
1	396	0.395395395395395	0.0598752060526742	0
1	397	0.396396396396396	0.0599844880929683	0
1	398	0.397397397397397	0.0600933666904552	0
1	399	0.398398398398398	0.0602018404108582	0
1	400	0.399399399399399	0.0603099078199008	0
1	401	0.4004004004004	0.0604175674833063	0
1	402	0.401401401401401	0.0605248179667981	0
1	403	0.402402402402402	0.0606316578360996	0
1	404	0.403403403403403	0.0607380856569342	0
1	405	0.404404404404404	0.0608440999950252	0
1	406	0.405405405405405	0.060949699416096	0
1	407	0.406406406406406	0.0610548824858701	0
1	408	0.407407407407407	0.0611596477700707	0
1	409	0.408408408408408	0.0612639938344213	0
1	410	0.409409409409409	0.0613679192446453	0
1	411	0.41041041041041	0.061471422566466	0
1	412	0.411411411411411	0.0615745023656068	0
1	413	0.412412412412412	0.0616771572077911	0
1	414	0.413413413413413	0.0617793856587422	0
1	415	0.414414414414414	0.0618811862841836	0
1	416	0.415415415415415	0.0619825576498387	0
1	417	0.416416416416416	0.0620834983214308	0
1	418	0.417417417417417	0.0621840068646832	0
1	419	0.418418418418418	0.0622840818453194	0
1	420	0.419419419419419	0.0623837218290628	0
1	421	0.42042042042042	0.0624829253816367	0
1	422	0.421421421421421	0.0625816910687645	0
1	423	0.422422422422422	0.0626800174561696	0
1	424	0.423423423423423	0.0627779031095754	0
1	425	0.424424424424424	0.0628753465947053	0
1	426	0.425425425425425	0.0629723464772826	0
1	427	0.426426426426426	0.0630689013230306	0
1	428	0.427427427427427	0.0631650096976729	0
1	429	0.428428428428428	0.0632606701669328	0
1	430	0.429429429429429	0.0633558812965336	0
1	431	0.43043043043043	0.0634506416521988	0
1	432	0.431431431431431	0.0635449497996516	0
1	433	0.432432432432432	0.0636388043046156	0
1	434	0.433433433433433	0.0637322037328141	0
1	435	0.434434434434434	0.0638251466499704	0
1	436	0.435435435435435	0.0639176316218079	0
1	437	0.436436436436436	0.0640096572140501	0
1	438	0.437437437437437	0.0641012219924202	0
1	439	0.438438438438438	0.0641923245226418	0
1	440	0.439439439439439	0.0642829633704381	0
1	441	0.44044044044044	0.0643731371015325	0
1	442	0.441441441441441	0.0644628442816484	0
1	443	0.442442442442442	0.0645520834765093	0
1	444	0.443443443443443	0.0646408532518384	0
1	445	0.444444444444444	0.0647291521733592	0
1	446	0.445445445445445	0.0648169788067951	0
1	447	0.446446446446446	0.0649043317178693	0
1	448	0.447447447447447	0.0649912094723054	0
1	449	0.448448448448448	0.0650776106358266	0
1	450	0.449449449449449	0.0651635337741564	0
1	451	0.45045045045045	0.0652489774530182	0
1	452	0.451451451451451	0.0653339402381352	0
1	453	0.452452452452452	0.065418420695231	0
1	454	0.453453453453453	0.0655024173900289	0
1	455	0.454454454454454	0.0655859288882522	0
1	456	0.455455455455455	0.0656689537556243	0
1	457	0.456456456456456	0.0657514905578687	0
1	458	0.457457457457457	0.0658335378607087	0
1	459	0.458458458458458	0.0659150942298677	0
1	460	0.459459459459459	0.065996158231069	0
1	461	0.46046046046046	0.0660767284300361	0
1	462	0.461461461461461	0.0661568033924923	0
1	463	0.462462462462462	0.066236381684161	0
1	464	0.463463463463463	0.0663154618707656	0
1	465	0.464464464464464	0.0663940425180295	0
1	466	0.465465465465465	0.066472122191676	0
1	467	0.466466466466466	0.0665496994574286	0
1	468	0.467467467467467	0.0666267728810105	0
1	469	0.468468468468468	0.0667033410281453	0
1	470	0.469469469469469	0.0667794024645562	0
1	471	0.47047047047047	0.0668549557559666	0
1	472	0.471471471471471	0.0669299994681	0
1	473	0.472472472472472	0.0670045321666797	0
1	474	0.473473473473473	0.0670785524174291	0
1	475	0.474474474474474	0.0671520587860716	0
1	476	0.475475475475475	0.0672250498383305	0
1	477	0.476476476476476	0.0672975241399292	0
1	478	0.477477477477477	0.0673694802565912	0
1	479	0.478478478478478	0.0674409167540397	0
1	480	0.479479479479479	0.0675118321979982	0
1	481	0.48048048048048	0.0675822251541901	0
1	482	0.481481481481481	0.0676520941883387	0
1	483	0.482482482482482	0.0677214378661674	0
1	484	0.483483483483483	0.0677902547533996	0
1	485	0.484484484484485	0.0678585434157586	0
1	486	0.485485485485485	0.067926302418968	0
1	487	0.486486486486487	0.0679935303287509	0
1	488	0.487487487487487	0.0680602257108309	0
1	489	0.488488488488488	0.0681263871309313	0
1	490	0.48948948948949	0.0681920131547754	0
1	491	0.49049049049049	0.0682571023480867	0
1	492	0.491491491491492	0.0683216532765885	0
1	493	0.492492492492492	0.0683856645060043	0
1	494	0.493493493493493	0.0684491346020573	0
1	495	0.494494494494495	0.068512062130471	0
1	496	0.495495495495495	0.0685744456569688	0
1	497	0.496496496496497	0.068636283747274	0
1	498	0.497497497497497	0.06869757496711	0
1	499	0.498498498498498	0.0687583178822003	0
1	500	0.4994994994995	0.0688185110582681	0
1	501	0.500500500500501	0.0688781530610368	0
1	502	0.501501501501502	0.0689372424562299	0
1	503	0.502502502502503	0.0689957778095708	0
1	504	0.503503503503503	0.0690537576867827	0
1	505	0.504504504504504	0.0691111806535891	0
1	506	0.505505505505506	0.0691680452757133	0
1	507	0.506506506506507	0.0692243501188788	0
1	508	0.507507507507508	0.0692800937488089	0
1	509	0.508508508508508	0.0693352747312271	0
1	510	0.509509509509509	0.0693898916318565	0
1	511	0.510510510510511	0.0694439430164208	0
1	512	0.511511511511512	0.0694974274506432	0
1	513	0.512512512512513	0.0695503435002471	0
1	514	0.513513513513513	0.069602689730956	0
1	515	0.514514514514514	0.069654464708493	0
1	516	0.515515515515516	0.0697056669985818	0
1	517	0.516516516516517	0.0697562951669456	0
1	518	0.517517517517518	0.0698063477793079	0
1	519	0.518518518518518	0.0698558234013919	0
1	520	0.519519519519519	0.0699047205989211	0
1	521	0.520520520520521	0.0699530379376189	0
1	522	0.521521521521522	0.0700007739832086	0
1	523	0.522522522522523	0.0700479273014137	0
1	524	0.523523523523523	0.0700944964579575	0
1	525	0.524524524524524	0.0701404800185633	0
1	526	0.525525525525526	0.0701858765489546	0
1	527	0.526526526526527	0.0702306846148548	0
1	528	0.527527527527528	0.0702749027819871	0
1	529	0.528528528528528	0.0703185296160751	0
1	530	0.529529529529529	0.0703615636828421	0
1	531	0.530530530530531	0.0704040035480115	0
1	532	0.531531531531532	0.0704458477773065	0
1	533	0.532532532532533	0.0704870949364508	0
1	534	0.533533533533533	0.0705277435911675	0
1	535	0.534534534534535	0.0705677923071801	0
1	536	0.535535535535536	0.070607239650212	0
1	537	0.536536536536537	0.0706460841859865	0
1	538	0.537537537537538	0.0706843244802271	0
1	539	0.538538538538539	0.070721959098657	0
1	540	0.53953953953954	0.0707589866069998	0
1	541	0.540540540540541	0.0707954055709787	0
1	542	0.541541541541542	0.0708312145563172	0
1	543	0.542542542542543	0.0708664121287386	0
1	544	0.543543543543544	0.0709009968539664	0
1	545	0.544544544544545	0.0709349672977238	0
1	546	0.545545545545546	0.0709683220257343	0
1	547	0.546546546546547	0.0710010596037212	0
1	548	0.547547547547548	0.071033178597408	0
1	549	0.548548548548549	0.071064677572518	0
1	550	0.54954954954955	0.0710955550947746	0
1	551	0.550550550550551	0.0711258097299011	0
1	552	0.551551551551552	0.071155440043621	0
1	553	0.552552552552553	0.0711844446016576	0
1	554	0.553553553553554	0.0712128219697344	0
1	555	0.554554554554555	0.0712405707135746	0
1	556	0.555555555555556	0.0712676893989018	0
1	557	0.556556556556557	0.0712941765914391	0
1	558	0.557557557557558	0.0713200308569102	0
1	559	0.558558558558559	0.0713452507610382	0
1	560	0.55955955955956	0.0713698348695466	0
1	561	0.560560560560561	0.0713937817481588	0
1	562	0.561561561561562	0.0714170899625982	0
1	563	0.562562562562563	0.0714397580785881	0
1	564	0.563563563563564	0.0714617846618519	0
1	565	0.564564564564565	0.071483168278113	0
1	566	0.565565565565566	0.0715039074930948	0
1	567	0.566566566566567	0.0715240008725207	0
1	568	0.567567567567568	0.071543446982114	0
1	569	0.568568568568569	0.0715622443875981	0
1	570	0.56956956956957	0.0715803916546964	0
1	571	0.570570570570571	0.0715978873491322	0
1	572	0.571571571571572	0.0716147300366291	0
1	573	0.572572572572573	0.0716309182829103	0
1	574	0.573573573573574	0.0716464506536992	0
1	575	0.574574574574575	0.0716613257147192	0
1	576	0.575575575575576	0.0716755420316937	0
1	577	0.576576576576577	0.071689098170346	0
1	578	0.577577577577578	0.0717019926963996	0
1	579	0.578578578578579	0.0717142241755779	0
1	580	0.57957957957958	0.0717257911736041	0
1	581	0.580580580580581	0.0717366922562017	0
1	582	0.581581581581582	0.071746925989094	0
1	583	0.582582582582583	0.0717564909380045	0
1	584	0.583583583583584	0.0717653856686566	0
1	585	0.584584584584585	0.0717736087467735	0
1	586	0.585585585585586	0.0717811587380787	0
1	587	0.586586586586587	0.0717880342082956	0
1	588	0.587587587587588	0.0717942337231475	0
1	589	0.588588588588589	0.0717997558483579	0
1	590	0.58958958958959	0.07180459914965	0
1	591	0.590590590590591	0.0718087621927474	0
1	592	0.591591591591592	0.0718122435433733	0
1	593	0.592592592592593	0.0718150417672512	0
1	594	0.593593593593594	0.0718171554301043	0
1	595	0.594594594594595	0.0718185830976562	0
1	596	0.595595595595596	0.0718193233356302	0
1	597	0.596596596596597	0.0718193747097497	0
1	598	0.597597597597598	0.071818735785738	0
1	599	0.598598598598599	0.0718174051293185	0
1	600	0.5995995995996	0.0718153813062146	0
1	601	0.600600600600601	0.0718126628821497	0
1	602	0.601601601601602	0.0718092484228472	0
1	603	0.602602602602603	0.0718051364940305	0
1	604	0.603603603603604	0.0718003256614228	0
1	605	0.604604604604605	0.0717948144907477	0
1	606	0.605605605605606	0.0717886015477285	0
1	607	0.606606606606607	0.0717816853980885	0
1	608	0.607607607607608	0.0717740646075512	0
1	609	0.608608608608609	0.0717657377418399	0
1	610	0.60960960960961	0.0717567033666781	0
1	611	0.610610610610611	0.071746960047789	0
1	612	0.611611611611612	0.0717365063508961	0
1	613	0.612612612612613	0.0717253408417227	0
1	614	0.613613613613614	0.0717134620859923	0
1	615	0.614614614614615	0.0717008686494282	0
1	616	0.615615615615616	0.0716875590977538	0
1	617	0.616616616616617	0.0716735319966925	0
1	618	0.617617617617618	0.0716587859119676	0
1	619	0.618618618618619	0.0716433194093025	0
1	620	0.61961961961962	0.0716271310544207	0
1	621	0.620620620620621	0.0716102194130455	0
1	622	0.621621621621622	0.0715925830509002	0
1	623	0.622622622622623	0.0715742205337083	0
1	624	0.623623623623624	0.0715551304271932	0
1	625	0.624624624624625	0.0715353112970781	0
1	626	0.625625625625626	0.0715147617090865	0
1	627	0.626626626626627	0.0714934802289419	0
1	628	0.627627627627628	0.0714714654223675	0
1	629	0.628628628628629	0.0714487158550867	0
1	630	0.62962962962963	0.0714252300928229	0
1	631	0.630630630630631	0.0714010067012995	0
1	632	0.631631631631632	0.0713760442462399	0
1	633	0.632632632632633	0.0713503412933675	0
1	634	0.633633633633634	0.0713238964084056	0
1	635	0.634634634634635	0.0712967081570777	0
1	636	0.635635635635636	0.071268775105107	0
1	637	0.636636636636637	0.071240095818217	0
1	638	0.637637637637638	0.0712106688621311	0
1	639	0.638638638638639	0.0711804928025726	0
1	640	0.63963963963964	0.0711495662052649	0
1	641	0.640640640640641	0.0711178876359314	0
1	642	0.641641641641642	0.0710854556602956	0
1	643	0.642642642642643	0.0710522688440806	0
1	644	0.643643643643644	0.0710183257530101	0
1	645	0.644644644644645	0.0709836249528072	0
1	646	0.645645645645646	0.0709481650091955	0
1	647	0.646646646646647	0.0709119444878982	0
1	648	0.647647647647648	0.0708749619546388	0
1	649	0.648648648648649	0.0708372159751406	0
1	650	0.64964964964965	0.0707987051151271	0
1	651	0.650650650650651	0.0707594279403215	0
1	652	0.651651651651652	0.0707193830164474	0
1	653	0.652652652652653	0.070678568909228	0
1	654	0.653653653653654	0.0706369841843868	0
1	655	0.654654654654655	0.070594627407647	0
1	656	0.655655655655656	0.0705514971447322	0
1	657	0.656656656656657	0.0705075919613657	0
1	658	0.657657657657658	0.0704629104232709	0
1	659	0.658658658658659	0.070417451096171	0
1	660	0.65965965965966	0.0703712125457897	0
1	661	0.660660660660661	0.0703241933378501	0
1	662	0.661661661661662	0.0702763920380757	0
1	663	0.662662662662663	0.0702278072121899	0
1	664	0.663663663663664	0.070178437425916	0
1	665	0.664664664664665	0.0701282812449775	0
1	666	0.665665665665666	0.0700773372350976	0
1	667	0.666666666666667	0.0700256039619999	0
1	668	0.667667667667668	0.0699730799914076	0
1	669	0.668668668668669	0.0699197638890442	0
1	670	0.66966966966967	0.069865654220633	0
1	671	0.670670670670671	0.0698107495518974	0
1	672	0.671671671671672	0.0697550484485608	0
1	673	0.672672672672673	0.0696985494763466	0
1	674	0.673673673673674	0.0696412512009781	0
1	675	0.674674674674675	0.0695831521881788	0
1	676	0.675675675675676	0.069524251003672	0
1	677	0.676676676676677	0.069464546213181	0
1	678	0.677677677677678	0.0694040363824294	0
1	679	0.678678678678679	0.0693427200771404	0
1	680	0.67967967967968	0.0692805958630374	0
1	681	0.680680680680681	0.0692176623058439	0
1	682	0.681681681681682	0.0691539179712831	0
1	683	0.682682682682683	0.0690893614250785	0
1	684	0.683683683683684	0.0690239912329535	0
1	685	0.684684684684685	0.0689578059606314	0
1	686	0.685685685685686	0.0688908041738356	0
1	687	0.686686686686687	0.0688229844382895	0
1	688	0.687687687687688	0.0687543453197165	0
1	689	0.688688688688689	0.0686848853838399	0
1	690	0.68968968968969	0.0686146031963832	0
1	691	0.690690690690691	0.0685434973230697	0
1	692	0.691691691691692	0.0684715663296228	0
1	693	0.692692692692693	0.0683988087817659	0
1	694	0.693693693693694	0.0683252232452223	0
1	695	0.694694694694695	0.0682508082857155	0
1	696	0.695695695695696	0.0681755624689687	0
1	697	0.696696696696697	0.0680994843607056	0
1	698	0.697697697697698	0.0680225725266492	0
1	699	0.698698698698699	0.0679448255325231	0
1	700	0.6996996996997	0.0678662419440507	0
1	701	0.700700700700701	0.0677868203269553	0
1	702	0.701701701701702	0.0677065592469603	0
1	703	0.702702702702703	0.067625457269789	0
1	704	0.703703703703704	0.067543512961165	0
1	705	0.704704704704705	0.0674607248868114	0
1	706	0.705705705705706	0.0673770916124518	0
1	707	0.706706706706707	0.0672926117038095	0
1	708	0.707707707707708	0.0672072837266079	0
1	709	0.708708708708709	0.0671211062465703	0
1	710	0.70970970970971	0.0670340778294202	0
1	711	0.710710710710711	0.0669461970408809	0
1	712	0.711711711711712	0.0668574624466758	0
1	713	0.712712712712713	0.0667678726125283	0
1	714	0.713713713713714	0.0666774261041617	0
1	715	0.714714714714715	0.0665861214872995	0
1	716	0.715715715715716	0.0664939573276651	0
1	717	0.716716716716717	0.0664009321909817	0
1	718	0.717717717717718	0.0663070446429728	0
1	719	0.718718718718719	0.0662122932493618	0
1	720	0.71971971971972	0.066116676575872	0
1	721	0.720720720720721	0.0660201931882268	0
1	722	0.721721721721722	0.0659228416521497	0
1	723	0.722722722722723	0.0658246205333639	0
1	724	0.723723723723724	0.0657255283975929	0
1	725	0.724724724724725	0.0656255638105601	0
1	726	0.725725725725726	0.0655247253379888	0
1	727	0.726726726726727	0.0654230115456024	0
1	728	0.727727727727728	0.0653204209991242	0
1	729	0.728728728728729	0.0652169522642778	0
1	730	0.72972972972973	0.0651126039067864	0
1	731	0.730730730730731	0.0650073744923734	0
1	732	0.731731731731732	0.0649012625867622	0
1	733	0.732732732732733	0.0647942667556763	0
1	734	0.733733733733734	0.0646863855648389	0
1	735	0.734734734734735	0.0645776175799734	0
1	736	0.735735735735736	0.0644679613668033	0
1	737	0.736736736736737	0.0643574154910519	0
1	738	0.737737737737738	0.0642459785184426	0
1	739	0.738738738738739	0.0641336490146987	0
1	740	0.73973973973974	0.0640204255455437	0
1	741	0.740740740740741	0.063906306676701	0
1	742	0.741741741741742	0.0637912909738938	0
1	743	0.742742742742743	0.0636753770028457	0
1	744	0.743743743743744	0.0635585633292799	0
1	745	0.744744744744745	0.0634408485189198	0
1	746	0.745745745745746	0.063322231137489	0
1	747	0.746746746746747	0.0632027097507106	0
1	748	0.747747747747748	0.0630822829243081	0
1	749	0.748748748748749	0.0629609492240049	0
1	750	0.74974974974975	0.0628387072155243	0
1	751	0.750750750750751	0.0627155554645898	0
1	752	0.751751751751752	0.0625914925369247	0
1	753	0.752752752752753	0.0624665169982524	0
1	754	0.753753753753754	0.0623406274142963	0
1	755	0.754754754754755	0.0622138223507797	0
1	756	0.755755755755756	0.062086100373426	0
1	757	0.756756756756757	0.0619574600479587	0
1	758	0.757757757757758	0.0618278999401011	0
1	759	0.758758758758759	0.0616974186155766	0
1	760	0.75975975975976	0.0615660146401085	0
1	761	0.760760760760761	0.0614336865794202	0
1	762	0.761761761761762	0.0613004329992352	0
1	763	0.762762762762763	0.0611662524652768	0
1	764	0.763763763763764	0.0610311435432683	0
1	765	0.764764764764765	0.0608951047989332	0
1	766	0.765765765765766	0.0607581347979949	0
1	767	0.766766766766767	0.0606202321061766	0
1	768	0.767767767767768	0.0604813952892019	0
1	769	0.768768768768769	0.060341622912794	0
1	770	0.76976976976977	0.0602009135426765	0
1	771	0.770770770770771	0.0600592657445725	0
1	772	0.771771771771772	0.0599166780842056	0
1	773	0.772772772772773	0.0597731491272991	0
1	774	0.773773773773774	0.0596286774395763	0
1	775	0.774774774774775	0.0594832615867608	0
1	776	0.775775775775776	0.0593369001345757	0
1	777	0.776776776776777	0.0591895916487446	0
1	778	0.777777777777778	0.0590413346949908	0
1	779	0.778778778778779	0.0588921278390377	0
1	780	0.77977977977978	0.0587419696466086	0
1	781	0.780780780780781	0.058590858683427	0
1	782	0.781781781781782	0.0584387935152162	0
1	783	0.782782782782783	0.0582857727076996	0
1	784	0.783783783783784	0.0581317948266006	0
1	785	0.784784784784785	0.0579768584376426	0
1	786	0.785785785785786	0.0578209621065489	0
1	787	0.786786786786787	0.057664104399043	0
1	788	0.787787787787788	0.0575062838808481	0
1	789	0.788788788788789	0.0573474991176878	0
1	790	0.78978978978979	0.0571877486752853	0
1	791	0.790790790790791	0.057027031119364	0
1	792	0.791791791791792	0.0568653450156474	0
1	793	0.792792792792793	0.0567026889298588	0
1	794	0.793793793793794	0.0565390614277216	0
1	795	0.794794794794795	0.0563744610749591	0
1	796	0.795795795795796	0.0562088864372948	0
1	797	0.796796796796797	0.056042336080452	0
1	798	0.797797797797798	0.0558748085701542	0
1	799	0.798798798798799	0.0557063024721246	0
1	800	0.7997997997998	0.0555368163520867	0
1	801	0.800800800800801	0.0553663487757639	0
1	802	0.801801801801802	0.0551948983088794	0
1	803	0.802802802802803	0.0550224635171568	0
1	804	0.803803803803804	0.0548490429663194	0
1	805	0.804804804804805	0.0546746352220906	0
1	806	0.805805805805806	0.0544992388501937	0
1	807	0.806806806806807	0.0543228524163522	0
1	808	0.807807807807808	0.0541454744862893	0
1	809	0.808808808808809	0.0539671036257286	0
1	810	0.80980980980981	0.0537877384003933	0
1	811	0.810810810810811	0.0536073773760068	0
1	812	0.811811811811812	0.0534260191182926	0
1	813	0.812812812812813	0.0532436621929741	0
1	814	0.813813813813814	0.0530603051657745	0
1	815	0.814814814814815	0.0528759466024173	0
1	816	0.815815815815816	0.0526905850686258	0
1	817	0.816816816816817	0.0525042191301235	0
1	818	0.817817817817818	0.0523168473526338	0
1	819	0.818818818818819	0.0521284683018799	0
1	820	0.81981981981982	0.0519390805435852	0
1	821	0.820820820820821	0.0517486826434733	0
1	822	0.821821821821822	0.0515572731672673	0
1	823	0.822822822822823	0.0513648506806908	0
1	824	0.823823823823824	0.0511714137494671	0
1	825	0.824824824824825	0.0509769609393196	0
1	826	0.825825825825826	0.0507814908159716	0
1	827	0.826826826826827	0.0505850019451466	0
1	828	0.827827827827828	0.0503874928925679	0
1	829	0.828828828828829	0.0501889622239588	0
1	830	0.82982982982983	0.0499894085050429	0
1	831	0.830830830830831	0.0497888303015435	0
1	832	0.831831831831832	0.0495872261791838	0
1	833	0.832832832832833	0.0493845947036874	0
1	834	0.833833833833834	0.0491809344407776	0
1	835	0.834834834834835	0.0489762439561778	0
1	836	0.835835835835836	0.0487705218156113	0
1	837	0.836836836836837	0.0485637665848015	0
1	838	0.837837837837838	0.0483559768294719	0
1	839	0.838838838838839	0.0481471511153459	0
1	840	0.83983983983984	0.0479372880081466	0
1	841	0.840840840840841	0.0477263860735977	0
1	842	0.841841841841842	0.0475144438774223	0
1	843	0.842842842842843	0.0473014599853441	0
1	844	0.843843843843844	0.0470874329630862	0
1	845	0.844844844844845	0.0468723613763721	0
1	846	0.845845845845846	0.0466562437909251	0
1	847	0.846846846846847	0.0464390787724688	0
1	848	0.847847847847848	0.0462208648867263	0
1	849	0.848848848848849	0.0460016006994212	0
1	850	0.84984984984985	0.0457812847762767	0
1	851	0.850850850850851	0.0455599156830163	0
1	852	0.851851851851852	0.0453374919853633	0
1	853	0.852852852852853	0.0451140122490412	0
1	854	0.853853853853854	0.0448894750397733	0
1	855	0.854854854854855	0.044663878923283	0
1	856	0.855855855855856	0.0444372224652936	0
1	857	0.856856856856857	0.0442095042315286	0
1	858	0.857857857857858	0.0439807227877113	0
1	859	0.858858858858859	0.0437508766995651	0
1	860	0.85985985985986	0.0435199645328134	0
1	861	0.860860860860861	0.0432879848531796	0
1	862	0.861861861861862	0.043054936226387	0
1	863	0.862862862862863	0.0428208172181591	0
1	864	0.863863863863864	0.0425856263942192	0
1	865	0.864864864864865	0.0423493623202906	0
1	866	0.865865865865866	0.0421120235620968	0
1	867	0.866866866866867	0.0418736086853612	0
1	868	0.867867867867868	0.0416341162558071	0
1	869	0.868868868868869	0.041393544839158	0
1	870	0.86986986986987	0.0411518930011371	0
1	871	0.870870870870871	0.0409091593074679	0
1	872	0.871871871871872	0.0406653423238737	0
1	873	0.872872872872873	0.040420440616078	0
1	874	0.873873873873874	0.0401744527498041	0
1	875	0.874874874874875	0.0399273772907754	0
1	876	0.875875875875876	0.0396792128047152	0
1	877	0.876876876876877	0.0394299578573471	0
1	878	0.877877877877878	0.0391796110143942	0
1	879	0.878878878878879	0.0389281708415801	0
1	880	0.87987987987988	0.0386756359046281	0
1	881	0.880880880880881	0.0384220047692615	0
1	882	0.881881881881882	0.0381672760012038	0
1	883	0.882882882882883	0.0379114481661783	0
1	884	0.883883883883884	0.0376545198299085	0
1	885	0.884884884884885	0.0373964895581176	0
1	886	0.885885885885886	0.0371373559165291	0
1	887	0.886886886886887	0.0368771174708664	0
1	888	0.887887887887888	0.0366157727868528	0
1	889	0.888888888888889	0.0363533204302118	0
1	890	0.88988988988989	0.0360897589666666	0
1	891	0.890890890890891	0.0358250869619407	0
1	892	0.891891891891892	0.0355593029817575	0
1	893	0.892892892892893	0.0352924055918403	0
1	894	0.893893893893894	0.0350243933579125	0
1	895	0.894894894894895	0.0347552648456975	0
1	896	0.895895895895896	0.0344850186209187	0
1	897	0.896896896896897	0.0342136532492996	0
1	898	0.897897897897898	0.0339411672965633	0
1	899	0.898898898898899	0.0336675593284333	0
1	900	0.8998998998999	0.033392827910633	0
1	901	0.900900900900901	0.0331169716088859	0
1	902	0.901901901901902	0.0328399889889151	0
1	903	0.902902902902903	0.0325618786164443	0
1	904	0.903903903903904	0.0322826390571966	0
1	905	0.904904904904905	0.0320022688768955	0
1	906	0.905905905905906	0.0317207666412645	0
1	907	0.906906906906907	0.0314381309160268	0
1	908	0.907907907907908	0.0311543602669059	0
1	909	0.908908908908909	0.030869453259625	0
1	910	0.90990990990991	0.0305834084599077	0
1	911	0.910910910910911	0.0302962244334772	0
1	912	0.911911911911912	0.0300078997460571	0
1	913	0.912912912912913	0.0297184329633705	0
1	914	0.913913913913914	0.029427822651141	0
1	915	0.914914914914915	0.0291360673750919	0
1	916	0.915915915915916	0.0288431657009466	0
1	917	0.916916916916917	0.0285491161944285	0
1	918	0.917917917917918	0.0282539174212609	0
1	919	0.918918918918919	0.0279575679471672	0
1	920	0.91991991991992	0.0276600663378708	0
1	921	0.920920920920921	0.0273614111590952	0
1	922	0.921921921921922	0.0270616009765636	0
1	923	0.922922922922923	0.0267606343559994	0
1	924	0.923923923923924	0.026458509863126	0
1	925	0.924924924924925	0.026155226063667	0
1	926	0.925925925925926	0.0258507815233455	0
1	927	0.926926926926927	0.0255451748078849	0
1	928	0.927927927927928	0.0252384044830087	0
1	929	0.928928928928929	0.0249304691144402	0
1	930	0.92992992992993	0.0246213672679028	0
1	931	0.930930930930931	0.02431109750912	0
1	932	0.931931931931932	0.023999658403815	0
1	933	0.932932932932933	0.0236870485177112	0
1	934	0.933933933933934	0.0233732664165321	0
1	935	0.934934934934935	0.023058310666001	0
1	936	0.935935935935936	0.0227421798318413	0
1	937	0.936936936936937	0.0224248724797763	0
1	938	0.937937937937938	0.0221063871755296	0
1	939	0.938938938938939	0.0217867224848243	0
1	940	0.93993993993994	0.021465876973384	0
1	941	0.940940940940941	0.0211438492069319	0
1	942	0.941941941941942	0.0208206377511916	0
1	943	0.942942942942943	0.0204962411718863	0
1	944	0.943943943943944	0.0201706580347394	0
1	945	0.944944944944945	0.0198438869054743	0
1	946	0.945945945945946	0.0195159263498144	0
1	947	0.946946946946947	0.0191867749334831	0
1	948	0.947947947947948	0.0188564312222038	0
1	949	0.948948948948949	0.0185248937816998	0
1	950	0.94994994994995	0.0181921611776945	0
1	951	0.950950950950951	0.0178582319759114	0
1	952	0.951951951951952	0.0175231047420737	0
1	953	0.952952952952953	0.0171867780419048	0
1	954	0.953953953953954	0.0168492504411282	0
1	955	0.954954954954955	0.0165105205054672	0
1	956	0.955955955955956	0.0161705868006452	0
1	957	0.956956956956957	0.0158294478923856	0
1	958	0.957957957957958	0.0154871023464118	0
1	959	0.958958958958959	0.0151435487284471	0
1	960	0.95995995995996	0.0147987856042149	0
1	961	0.960960960960961	0.0144528115394386	0
1	962	0.961961961961962	0.0141056250998416	0
1	963	0.962962962962963	0.0137572248511472	0
1	964	0.963963963963964	0.0134076093590789	0
1	965	0.964964964964965	0.01305677718936	0
1	966	0.965965965965966	0.012704726907714	0
1	967	0.966966966966967	0.012351457079864	0
1	968	0.967967967967968	0.0119969662715337	0
1	969	0.968968968968969	0.0116412530484463	0
1	970	0.96996996996997	0.0112843159763253	0
1	971	0.970970970970971	0.0109261536208939	0
1	972	0.971971971971972	0.0105667645478756	0
1	973	0.972972972972973	0.0102061473229938	0
1	974	0.973973973973974	0.00984430051197183	0
1	975	0.974974974974975	0.00948122268053309	0
1	976	0.975975975975976	0.00911691239440096	0
1	977	0.976976976976977	0.00875136821929881	0
1	978	0.977977977977978	0.00838458872094999	0
1	979	0.978978978978979	0.00801657246507795	0
1	980	0.97997997997998	0.00764731801740606	0
1	981	0.980980980980981	0.00727682394365767	0
1	982	0.981981981981982	0.00690508880955615	0
1	983	0.982982982982983	0.00653211118082483	0
1	984	0.983983983983984	0.00615788962318722	0
1	985	0.984984984984985	0.00578242270236667	0
1	986	0.985985985985986	0.00540570898408649	0
1	987	0.986986986986987	0.00502774703407016	0
1	988	0.987987987987988	0.00464853541804089	0
1	989	0.988988988988989	0.00426807270172222	0
1	990	0.98998998998999	0.00388635745083751	0
1	991	0.990990990990991	0.00350338823111013	0
1	992	0.991991991991992	0.00311916360826336	0
1	993	0.992992992992993	0.00273368214802067	0
1	994	0.993993993993994	0.00234694241610547	0
1	995	0.994994994994995	0.00195894297824109	0
1	996	0.995995995995996	0.00156968240015096	0
1	997	0.996996996996997	0.00117915924755838	0
1	998	0.997997997997998	0.000787372086186761	0
1	999	0.998998998998999	0.00039431948175947	0
1	1000	1	0	0
