(title "Pressure Coefficient")
(labels "Position" "Pressure Coefficient")

((xy/key/label "airfoil")
1	0.0271583
0.997513	-0.198059
0.995024	-0.198409
0.992532	-0.20129
0.990038	-0.203764
0.987541	-0.204861
0.985041	-0.204953
0.982539	-0.204721
0.979913	-0.204473
0.977165	-0.204327
0.974414	-0.204243
0.971659	-0.204071
0.968902	-0.203743
0.966141	-0.203531
0.963378	-0.209155
0.960612	-0.236299
0.957389	-0.282471
0.954162	-0.306676
0.950931	-0.308806
0.947696	-0.307277
0.944458	-0.306307
0.941216	-0.305612
0.93797	-0.304921
0.934389	-0.304099
0.930472	-0.303172
0.92655	-0.302216
0.922623	-0.30123
0.918691	-0.300222
0.914755	-0.299197
0.910813	-0.298153
0.906867	-0.297081
0.902101	-0.295781
0.897329	-0.29447
0.89255	-0.293124
0.887765	-0.29176
0.882974	-0.29038
0.878177	-0.288979
0.873374	-0.287545
0.868063	-0.285934
0.862244	-0.284157
0.856417	-0.282345
0.850583	-0.280495
0.84474	-0.278621
0.83889	-0.276725
0.833034	-0.274799
0.82717	-0.272814
0.820062	-0.270397
0.812945	-0.267959
0.805819	-0.265452
0.798685	-0.262908
0.791542	-0.26033
0.784392	-0.25771
0.777234	-0.255029
0.769306	-0.252026
0.760606	-0.248729
0.751897	-0.245375
0.74318	-0.241946
0.734455	-0.238467
0.725723	-0.234956
0.716983	-0.231412
0.708238	-0.227793
0.697613	-0.223399
0.68698	-0.218987
0.676341	-0.214469
0.665697	-0.209927
0.655048	-0.205375
0.644395	-0.200797
0.633739	-0.196152
0.621936	-0.190984
0.608985	-0.18536
0.596033	-0.179708
0.583081	-0.174013
0.57013	-0.168336
0.557181	-0.1627
0.544235	-0.157109
0.531292	-0.151565
0.518069	-0.14598
0.504851	-0.140489
0.491639	-0.135084
0.478433	-0.129767
0.465233	-0.124529
0.45204	-0.119376
0.438854	-0.114341
0.426401	-0.109687
0.414681	-0.105384
0.402967	-0.101205
0.391259	-0.0971712
0.379557	-0.0932764
0.36786	-0.0895379
0.35617	-0.085969
0.344485	-0.0825823
0.334165	-0.0796886
0.323849	-0.0768778
0.313537	-0.0741745
0.303229	-0.0715402
0.292925	-0.0689727
0.282624	-0.0664959
0.272328	-0.0641582
0.262855	-0.0621544
0.254206	-0.0604576
0.245558	-0.058917
0.236913	-0.0575268
0.22827	-0.0562405
0.219628	-0.0550101
0.210989	-0.0538121
0.20235	-0.0526571
0.195315	-0.0517268
0.18828	-0.0508175
0.181246	-0.0499848
0.174213	-0.0492535
0.16718	-0.0486433
0.160149	-0.0481591
0.153117	-0.0477903
0.146738	-0.0475354
0.141013	-0.0473469
0.135287	-0.0471724
0.129561	-0.0470029
0.123836	-0.046853
0.11811	-0.0467511
0.112385	-0.0467122
0.106659	-0.0467345
0.101995	-0.0467956
0.0973315	-0.0468709
0.0926674	-0.0469211
0.0880033	-0.0469325
0.083339	-0.0469151
0.0786746	-0.0468908
0.07401	-0.0468859
0.0697682	-0.0469149
0.0659493	-0.0469868
0.0621303	-0.0471169
0.058311	-0.0473107
0.0544916	-0.0475673
0.050672	-0.047859
0.0468522	-0.0481308
0.0430321	-0.0483231
0.0399162	-0.0483569
0.0368001	-0.0481268
0.0336838	-0.0474672
0.0305673	-0.0463711
0.0274507	-0.0448483
0.0243339	-0.0426686
0.0212169	-0.0396141
0.018348	-0.0359484
0.0157273	-0.0313939
0.0131065	-0.0248083
0.0104855	-0.0101229
0.00786439	0.0337974
0.0052431	0.0909573
0.00262163	0.216062
0	0.905626
0.00250705	1.63197
0.00501644	1.61538
0.00752814	1.37364
0.0100421	1.25176
0.0125584	1.19944
0.0150769	1.1939
0.0175976	1.20178
0.0201484	1.20247
0.0232044	1.18966
0.0262635	1.16381
0.0293257	1.1284
0.0323909	1.089
0.0354591	1.05162
0.0385301	1.02024
0.0416041	0.994837
0.0447573	0.973017
0.0485645	0.948718
0.0523759	0.925894
0.0561912	0.906515
0.0600106	0.890073
0.0638338	0.87494
0.0676607	0.859991
0.0714914	0.844855
0.0754646	0.82959
0.0801834	0.81208
0.0849073	0.795071
0.0896361	0.779174
0.0943698	0.764075
0.0991082	0.749198
0.103851	0.734325
0.108598	0.719525
0.113587	0.704437
0.119471	0.686723
0.125361	0.668704
0.131256	0.651057
0.137157	0.633946
0.143063	0.617268
0.148973	0.601089
0.154888	0.58561
0.161172	0.57017
0.168482	0.552808
0.175798	0.535742
0.183118	0.519563
0.190444	0.504264
0.197774	0.489556
0.205107	0.475325
0.212445	0.461687
0.220313	0.447881
0.229328	0.432511
0.238347	0.417371
0.247368	0.402962
0.256393	0.38932
0.265419	0.376166
0.274447	0.363305
0.283476	0.350781
0.293048	0.337986
0.30355	0.324232
0.314052	0.310754
0.324553	0.297979
0.335053	0.286076
0.345552	0.275016
0.356048	0.264747
0.366543	0.255291
0.377618	0.246123
0.389491	0.236838
0.401361	0.227917
0.413227	0.219426
0.425089	0.211399
0.436947	0.203857
0.448801	0.196832
0.460652	0.190405
0.473128	0.184305
0.4863	0.178449
0.499467	0.173129
0.512631	0.168403
0.525791	0.164269
0.538948	0.160715
0.552102	0.157733
0.565254	0.155278
0.577609	0.153433
0.589248	0.152152
0.600887	0.151352
0.612525	0.151017
0.624163	0.15113
0.635801	0.151737
0.647441	0.152823
0.659082	0.154356
0.669498	0.156154
0.679023	0.158149
0.688551	0.160445
0.698079	0.163035
0.70761	0.165906
0.717142	0.16903
0.726676	0.172358
0.736213	0.175943
0.744654	0.179396
0.752457	0.18279
0.760262	0.18637
0.768068	0.190182
0.775876	0.194261
0.783686	0.198609
0.791497	0.203199
0.79931	0.208121
0.80615	0.212783
0.81254	0.21739
0.818932	0.22223
0.825324	0.227331
0.831718	0.232691
0.838113	0.238267
0.844508	0.244002
0.850905	0.250002
0.856441	0.255457
0.861671	0.260743
0.866902	0.266148
0.872132	0.271702
0.877364	0.277386
0.882595	0.283162
0.887827	0.289
0.89306	0.295025
0.897538	0.300371
0.901814	0.305559
0.906091	0.310836
0.910368	0.316233
0.914645	0.321732
0.918922	0.327314
0.923199	0.332981
0.927476	0.338863
0.931095	0.344036
0.93459	0.349119
0.938085	0.35431
0.94158	0.359641
0.945075	0.3651
0.94857	0.370671
0.952064	0.376355
0.955558	0.382249
0.958538	0.387434
0.961458	0.392555
0.964377	0.397718
0.967295	0.402912
0.970214	0.408042
0.973132	0.413002
0.97605	0.417657
0.978968	0.421851
0.981611	0.424894
0.984239	0.426764
0.986867	0.426801
0.989494	0.423158
0.992121	0.411432
0.994748	0.383143
0.997374	0.306707
)
