(title "Pressure Coefficient")
(labels "Position" "Pressure Coefficient")

((xy/key/label "airfoil")
1	-0.000852
0.997513	-0.176997
0.995024	-0.236804
0.992532	-0.287959
0.990038	-0.298297
0.987541	-0.294851
0.985041	-0.292665
0.982539	-0.291966
0.979913	-0.291314
0.977165	-0.290491
0.974414	-0.289609
0.971659	-0.288722
0.968902	-0.287835
0.966141	-0.286941
0.963378	-0.286036
0.960612	-0.285112
0.957389	-0.284032
0.954162	-0.282946
0.950931	-0.281838
0.947696	-0.280719
0.944458	-0.279591
0.941216	-0.278454
0.93797	-0.277297
0.934389	-0.276007
0.930472	-0.274592
0.92655	-0.273153
0.922623	-0.271684
0.918691	-0.270196
0.914755	-0.26869
0.910813	-0.267161
0.906867	-0.265596
0.902101	-0.263704
0.897329	-0.261802
0.89255	-0.259856
0.887765	-0.25789
0.882974	-0.255903
0.878177	-0.253887
0.873374	-0.251821
0.868063	-0.249499
0.862244	-0.246938
0.856417	-0.244331
0.850583	-0.241678
0.84474	-0.238999
0.83889	-0.236298
0.833034	-0.233556
0.82717	-0.23073
0.820062	-0.227287
0.812945	-0.223813
0.805819	-0.22024
0.798685	-0.21663
0.791542	-0.212986
0.784392	-0.209297
0.777234	-0.205532
0.769306	-0.201312
0.760606	-0.196664
0.751897	-0.191931
0.74318	-0.187113
0.734455	-0.182256
0.725723	-0.177369
0.716983	-0.172429
0.708238	-0.167375
0.697613	-0.16124
0.68698	-0.155091
0.676341	-0.14882
0.665697	-0.142534
0.655048	-0.136238
0.644395	-0.129902
0.633739	-0.123483
0.621936	-0.116371
0.608985	-0.108667
0.596033	-0.100957
0.583081	-0.0932094
0.57013	-0.0854837
0.557181	-0.0777985
0.544235	-0.0701866
0.531292	-0.0626752
0.518069	-0.0551122
0.504851	-0.047638
0.491639	-0.0402481
0.478433	-0.0329763
0.465233	-0.0258347
0.45204	-0.0188556
0.438854	-0.0120807
0.426401	-0.0058352
0.414681	-8.57178e-05
0.402967	0.00547967
0.391259	0.0108668
0.379557	0.0160864
0.36786	0.0211268
0.35617	0.0259907
0.344485	0.0306683
0.334165	0.0346955
0.323849	0.0385837
0.313537	0.0422611
0.303229	0.0457704
0.292925	0.0490885
0.282624	0.0521936
0.272328	0.0551173
0.262855	0.0576824
0.254206	0.0599267
0.245558	0.0620393
0.236913	0.0640203
0.22827	0.0658901
0.219628	0.0676407
0.210989	0.0692577
0.20235	0.0707217
0.195315	0.0718133
0.18828	0.0728152
0.181246	0.0737192
0.174213	0.0745463
0.16718	0.0753112
0.160149	0.0759889
0.153117	0.0765493
0.146738	0.0769611
0.141013	0.0772532
0.135287	0.0774765
0.129561	0.0776404
0.123836	0.077748
0.11811	0.0778045
0.112385	0.0778235
0.106659	0.0778096
0.101995	0.0777424
0.0973315	0.0776099
0.0926674	0.0774334
0.0880033	0.077218
0.083339	0.0769667
0.0786746	0.076688
0.07401	0.0763889
0.0697682	0.0760886
0.0659493	0.0757828
0.0621303	0.0754457
0.058311	0.0750724
0.0544916	0.0746488
0.050672	0.0741687
0.0468522	0.0736447
0.0430321	0.0731046
0.0399162	0.0726475
0.0368001	0.0721949
0.0336838	0.071778
0.0305673	0.0713785
0.0274507	0.0709697
0.0243339	0.0705589
0.0212169	0.0702154
0.018348	0.0700182
0.0157273	0.0699381
0.0131065	0.0701624
0.0104855	0.0721821
0.00786439	0.0759656
0.0052431	0.0725139
0.00262163	0.0728116
0	0.278273
0.00250705	0.609681
0.00501644	0.770811
0.00752814	0.797821
0.0100421	0.796931
0.0125584	0.79426
0.0150769	0.789758
0.0175976	0.783395
0.0201484	0.775586
0.0232044	0.764063
0.0262635	0.74975
0.0293257	0.734004
0.0323909	0.719128
0.0354591	0.706319
0.0385301	0.694983
0.0416041	0.683681
0.0447573	0.671558
0.0485645	0.656154
0.0523759	0.640331
0.0561912	0.625567
0.0600106	0.612476
0.0638338	0.600613
0.0676607	0.589242
0.0714914	0.577723
0.0754646	0.565612
0.0801834	0.550817
0.0849073	0.53564
0.0896361	0.521077
0.0943698	0.50766
0.0991082	0.495219
0.103851	0.483373
0.108598	0.471859
0.113587	0.460198
0.119471	0.446518
0.125361	0.432527
0.131256	0.418724
0.137157	0.405364
0.143063	0.392436
0.148973	0.37995
0.154888	0.368001
0.161172	0.356015
0.168482	0.34227
0.175798	0.328215
0.183118	0.314241
0.190444	0.300595
0.197774	0.287366
0.205107	0.274723
0.212445	0.262921
0.220313	0.251377
0.229328	0.238918
0.238347	0.226749
0.247368	0.215065
0.256393	0.203873
0.265419	0.192953
0.274447	0.18215
0.283476	0.171533
0.293048	0.1607
0.30355	0.149208
0.314052	0.138076
0.324553	0.127568
0.335053	0.117841
0.345552	0.108945
0.356048	0.100812
0.366543	0.0933552
0.377618	0.086125
0.389491	0.0788368
0.401361	0.071844
0.413227	0.0651455
0.425089	0.0587481
0.436947	0.0526621
0.448801	0.0469
0.460652	0.0415363
0.473128	0.0364085
0.4863	0.0315322
0.499467	0.0271819
0.512631	0.0233869
0.525791	0.0201459
0.538948	0.0174428
0.552102	0.0152495
0.565254	0.0135015
0.577609	0.0122234
0.589248	0.0113517
0.600887	0.0107954
0.612525	0.0105277
0.624163	0.0105113
0.635801	0.0107733
0.647441	0.0113409
0.659082	0.0122043
0.669498	0.0132742
0.679023	0.0145319
0.688551	0.0160668
0.698079	0.0178937
0.70761	0.0200193
0.717142	0.02243
0.726676	0.0250749
0.736213	0.0279697
0.744654	0.0307868
0.752457	0.03358
0.760262	0.0365398
0.768068	0.0396854
0.775876	0.0430276
0.783686	0.0465611
0.791497	0.0502465
0.79931	0.054132
0.80615	0.057749
0.81254	0.0612716
0.818932	0.0649251
0.825324	0.0687342
0.831718	0.0727026
0.838113	0.0768116
0.844508	0.0810152
0.850905	0.0853655
0.856441	0.0892908
0.861671	0.0930907
0.866902	0.0969791
0.872132	0.10098
0.877364	0.105098
0.882595	0.109318
0.887827	0.113602
0.89306	0.118021
0.897538	0.12195
0.901814	0.125777
0.906091	0.129686
0.910368	0.133703
0.914645	0.137826
0.918922	0.142034
0.923199	0.146298
0.927476	0.150694
0.931095	0.154543
0.93459	0.158319
0.938085	0.162161
0.94158	0.166092
0.945075	0.170105
0.94857	0.174174
0.952064	0.17828
0.955558	0.182489
0.958538	0.186179
0.961458	0.189834
0.964377	0.193534
0.967295	0.197291
0.970214	0.201081
0.973132	0.204879
0.97605	0.208696
0.978968	0.21269
0.981611	0.21672
0.984239	0.221493
0.986867	0.227154
0.989494	0.233227
0.992121	0.237293
0.994748	0.231771
0.997374	0.18874
)
