(title "Pressure Coefficient")
(labels "Position" "Pressure Coefficient")

((xy/key/label "airfoil")
1	-0.0532384
0.997513	-0.204906
0.995024	-0.342966
0.992532	-0.421535
0.990038	-0.432023
0.987541	-0.424545
0.985041	-0.419508
0.982539	-0.417302
0.979913	-0.415613
0.977165	-0.413598
0.974414	-0.411379
0.971659	-0.409106
0.968902	-0.406838
0.966141	-0.404571
0.963378	-0.402284
0.960612	-0.399953
0.957389	-0.39724
0.954162	-0.394521
0.950931	-0.391751
0.947696	-0.388956
0.944458	-0.386149
0.941216	-0.383322
0.93797	-0.380451
0.934389	-0.377257
0.930472	-0.373771
0.92655	-0.370236
0.922623	-0.366634
0.918691	-0.362998
0.914755	-0.359343
0.910813	-0.355651
0.906867	-0.35188
0.902101	-0.347344
0.897329	-0.342807
0.89255	-0.338154
0.887765	-0.333438
0.882974	-0.328684
0.878177	-0.323884
0.873374	-0.318993
0.868063	-0.313537
0.862244	-0.307576
0.856417	-0.301536
0.850583	-0.295382
0.84474	-0.28917
0.83889	-0.282932
0.833034	-0.276633
0.82717	-0.270189
0.820062	-0.262416
0.812945	-0.25465
0.805819	-0.246693
0.798685	-0.238659
0.791542	-0.230593
0.784392	-0.222486
0.777234	-0.214256
0.769306	-0.205093
0.760606	-0.195115
0.751897	-0.185042
0.74318	-0.174795
0.734455	-0.164463
0.725723	-0.1541
0.716983	-0.143647
0.708238	-0.132947
0.697613	-0.120045
0.68698	-0.107249
0.676341	-0.0941674
0.665697	-0.0809465
0.655048	-0.0677079
0.644395	-0.0544721
0.633739	-0.0411148
0.621936	-0.0263576
0.608985	-0.0105129
0.596033	0.00522676
0.583081	0.0210353
0.57013	0.0367872
0.557181	0.0523936
0.544235	0.0678226
0.531292	0.0830968
0.518069	0.0985078
0.504851	0.113731
0.491639	0.128848
0.478433	0.143867
0.465233	0.158787
0.45204	0.173545
0.438854	0.187978
0.426401	0.201323
0.414681	0.213757
0.402967	0.225974
0.391259	0.237845
0.379557	0.249359
0.36786	0.26052
0.35617	0.271251
0.344485	0.28139
0.334165	0.29003
0.323849	0.298472
0.313537	0.306574
0.303229	0.314363
0.292925	0.321872
0.282624	0.329106
0.272328	0.335977
0.262855	0.341984
0.254206	0.347324
0.245558	0.352523
0.236913	0.357517
0.22827	0.362287
0.219628	0.366807
0.210989	0.371002
0.20235	0.374733
0.195315	0.37747
0.18828	0.379985
0.181246	0.382259
0.174213	0.384354
0.16718	0.386311
0.160149	0.388137
0.153117	0.389781
0.146738	0.391061
0.141013	0.391994
0.135287	0.392681
0.129561	0.393115
0.123836	0.393324
0.11811	0.393358
0.112385	0.393288
0.106659	0.393157
0.101995	0.392973
0.0973315	0.392681
0.0926674	0.392262
0.0880033	0.391694
0.083339	0.390968
0.0786746	0.390097
0.07401	0.38913
0.0697682	0.388192
0.0659493	0.387281
0.0621303	0.386296
0.058311	0.385219
0.0544916	0.384005
0.050672	0.382572
0.0468522	0.380863
0.0430321	0.378954
0.0399162	0.377227
0.0368001	0.375287
0.0336838	0.373078
0.0305673	0.370414
0.0274507	0.36715
0.0243339	0.363271
0.0212169	0.358931
0.018348	0.354607
0.0157273	0.350292
0.0131065	0.345826
0.0104855	0.342531
0.00786439	0.351564
0.0052431	0.386913
0.00262163	0.409239
0	0.682769
0.00250705	1.08245
0.00501644	1.19628
0.00752814	1.13713
0.0100421	1.02768
0.0125584	0.917745
0.0150769	0.848096
0.0175976	0.813387
0.0201484	0.794004
0.0232044	0.777588
0.0262635	0.763482
0.0293257	0.749658
0.0323909	0.733289
0.0354591	0.713892
0.0385301	0.693144
0.0416041	0.672576
0.0447573	0.652534
0.0485645	0.628879
0.0523759	0.605257
0.0561912	0.582933
0.0600106	0.562508
0.0638338	0.543638
0.0676607	0.525804
0.0714914	0.508756
0.0754646	0.492157
0.0801834	0.473264
0.0849073	0.45484
0.0896361	0.43748
0.0943698	0.421085
0.0991082	0.405223
0.103851	0.389757
0.108598	0.374802
0.113587	0.35997
0.119471	0.343024
0.125361	0.326215
0.131256	0.31003
0.137157	0.294402
0.143063	0.279041
0.148973	0.263931
0.154888	0.249299
0.161172	0.234631
0.168482	0.21816
0.175798	0.202014
0.183118	0.186733
0.190444	0.172291
0.197774	0.158345
0.205107	0.144695
0.212445	0.131428
0.220313	0.117851
0.229328	0.102677
0.238347	0.0877217
0.247368	0.0734789
0.256393	0.0600665
0.265419	0.0473217
0.274447	0.0350991
0.283476	0.0234567
0.293048	0.0118261
0.30355	-0.00046397
0.314052	-0.0124101
0.324553	-0.0237746
0.335053	-0.0345244
0.345552	-0.0447235
0.356048	-0.0544077
0.366543	-0.0635238
0.377618	-0.0725177
0.389491	-0.0816933
0.401361	-0.0904866
0.413227	-0.0987951
0.425089	-0.106606
0.436947	-0.113936
0.448801	-0.120763
0.460652	-0.126975
0.473128	-0.132794
0.4863	-0.138272
0.499467	-0.143136
0.512631	-0.147354
0.525791	-0.150929
0.538948	-0.153874
0.552102	-0.156219
0.565254	-0.158038
0.577609	-0.159318
0.589248	-0.160149
0.600887	-0.160633
0.612525	-0.160816
0.624163	-0.160679
0.635801	-0.160153
0.647441	-0.159248
0.659082	-0.157962
0.669498	-0.156426
0.679023	-0.154671
0.688551	-0.152576
0.698079	-0.150125
0.70761	-0.147318
0.717142	-0.144182
0.726676	-0.140778
0.736213	-0.137074
0.744654	-0.133492
0.752457	-0.129973
0.760262	-0.126278
0.768068	-0.12238
0.775876	-0.118274
0.783686	-0.113974
0.791497	-0.109524
0.79931	-0.104844
0.80615	-0.100493
0.81254	-0.0962605
0.818932	-0.0918647
0.825324	-0.0872636
0.831718	-0.0824464
0.838113	-0.07743
0.844508	-0.0722522
0.850905	-0.0668287
0.856441	-0.0618862
0.861671	-0.0570709
0.866902	-0.0521113
0.872132	-0.046972
0.877364	-0.0416565
0.882595	-0.0361953
0.887827	-0.0306263
0.89306	-0.02485
0.897538	-0.0197126
0.901814	-0.0147259
0.906091	-0.00964796
0.910368	-0.00443942
0.914645	0.000892621
0.918922	0.00631994
0.923199	0.0118209
0.927476	0.017499
0.931095	0.0224541
0.93459	0.0272798
0.938085	0.0321653
0.94158	0.0371536
0.945075	0.04224
0.94857	0.0474039
0.952064	0.0526352
0.955558	0.0580196
0.958538	0.0627365
0.961458	0.0673928
0.964377	0.0721082
0.967295	0.0769119
0.970214	0.0817857
0.973132	0.0866784
0.97605	0.0915165
0.978968	0.0962257
0.981611	0.100136
0.984239	0.103256
0.986867	0.105115
0.989494	0.104686
0.992121	0.0989579
0.994748	0.0834598
0.997374	0.0480462
)
