(title "Pressure Coefficient")
(labels "Position" "Pressure Coefficient")

((xy/key/label "airfoil")
1	-0.045178
0.997513	-0.268162
0.995024	-0.268191
0.992532	-0.273779
0.990038	-0.276199
0.987541	-0.276508
0.985041	-0.276822
0.982539	-0.277567
0.979913	-0.27838
0.977165	-0.278061
0.974414	-0.276508
0.971659	-0.27706
0.968902	-0.297476
0.966141	-0.362581
0.963378	-0.449941
0.960612	-0.50136
0.957389	-0.508435
0.954162	-0.498573
0.950931	-0.491132
0.947696	-0.488226
0.944458	-0.487472
0.941216	-0.48655
0.93797	-0.484889
0.934389	-0.482632
0.930472	-0.480157
0.92655	-0.477785
0.922623	-0.47546
0.918691	-0.47313
0.914755	-0.470771
0.910813	-0.468369
0.906867	-0.465907
0.902101	-0.462941
0.897329	-0.459971
0.89255	-0.456932
0.887765	-0.453859
0.882974	-0.450765
0.878177	-0.447642
0.873374	-0.444456
0.868063	-0.440893
0.862244	-0.436987
0.856417	-0.43302
0.850583	-0.428975
0.84474	-0.424889
0.83889	-0.420776
0.833034	-0.416617
0.82717	-0.412352
0.820062	-0.407199
0.812945	-0.402034
0.805819	-0.396724
0.798685	-0.39135
0.791542	-0.385932
0.784392	-0.380463
0.777234	-0.374892
0.769306	-0.368676
0.760606	-0.361892
0.751897	-0.355038
0.74318	-0.348073
0.734455	-0.341055
0.725723	-0.33401
0.716983	-0.326908
0.708238	-0.319667
0.697613	-0.310965
0.68698	-0.302355
0.676341	-0.293585
0.665697	-0.284744
0.655048	-0.275883
0.644395	-0.267012
0.633739	-0.258065
0.621936	-0.24817
0.608985	-0.237473
0.596033	-0.226768
0.583081	-0.215994
0.57013	-0.205291
0.557181	-0.194741
0.544235	-0.18438
0.531292	-0.174181
0.518069	-0.16393
0.504851	-0.153841
0.491639	-0.143884
0.478433	-0.134077
0.465233	-0.124436
0.45204	-0.114984
0.438854	-0.105784
0.426401	-0.0972914
0.414681	-0.0894207
0.402967	-0.0818011
0.391259	-0.0745569
0.379557	-0.0676888
0.36786	-0.0611724
0.35617	-0.0550001
0.344485	-0.0491999
0.334165	-0.0442665
0.323849	-0.0394509
0.313537	-0.0347931
0.303229	-0.0302235
0.292925	-0.0257023
0.282624	-0.0212467
0.272328	-0.0169403
0.262855	-0.0131453
0.254206	-0.00983183
0.245558	-0.00678284
0.236913	-0.00412714
0.22827	-0.00193162
0.219628	-0.000233873
0.210989	0.000979036
0.20235	0.00176212
0.195315	0.0020947
0.18828	0.00218786
0.181246	0.00216651
0.174213	0.00216333
0.16718	0.00226272
0.160149	0.00248828
0.153117	0.00278512
0.146738	0.00301598
0.141013	0.00308277
0.135287	0.00288774
0.129561	0.00230336
0.123836	0.00128332
0.11811	-0.000125307
0.112385	-0.00181233
0.106659	-0.00361679
0.101995	-0.00520448
0.0973315	-0.00697847
0.0926674	-0.00898748
0.0880033	-0.0113723
0.083339	-0.0142813
0.0786746	-0.0178126
0.07401	-0.0218841
0.0697682	-0.0259893
0.0659493	-0.0300656
0.0621303	-0.0344669
0.058311	-0.0391637
0.0544916	-0.0442457
0.050672	-0.0498474
0.0468522	-0.0560095
0.0430321	-0.0625991
0.0399162	-0.0685771
0.0368001	-0.0753742
0.0336838	-0.0831007
0.0305673	-0.0920733
0.0274507	-0.102133
0.0243339	-0.112207
0.0212169	-0.120742
0.018348	-0.126449
0.0157273	-0.130105
0.0131065	-0.133113
0.0104855	-0.134279
0.00786439	-0.122245
0.0052431	-0.0781258
0.00262163	0.12005
0	0.873477
0.00250705	1.51153
0.00501644	1.51184
0.00752814	1.42415
0.0100421	1.3694
0.0125584	1.32974
0.0150769	1.30302
0.0175976	1.27708
0.0201484	1.24826
0.0232044	1.21481
0.0262635	1.18495
0.0293257	1.15993
0.0323909	1.13726
0.0354591	1.11469
0.0385301	1.0918
0.0416041	1.06904
0.0447573	1.04716
0.0485645	1.02181
0.0523759	0.996654
0.0561912	0.973177
0.0600106	0.951623
0.0638338	0.931689
0.0676607	0.913114
0.0714914	0.895536
0.0754646	0.878444
0.0801834	0.85863
0.0849073	0.838674
0.0896361	0.819221
0.0943698	0.800088
0.0991082	0.781125
0.103851	0.762567
0.108598	0.74466
0.113587	0.726862
0.119471	0.706337
0.125361	0.685784
0.131256	0.665935
0.137157	0.646803
0.143063	0.628153
0.148973	0.609979
0.154888	0.592411
0.161172	0.57466
0.168482	0.554495
0.175798	0.534572
0.183118	0.5156
0.190444	0.497542
0.197774	0.480062
0.205107	0.463039
0.212445	0.446596
0.220313	0.4298
0.229328	0.411029
0.238347	0.392615
0.247368	0.375155
0.256393	0.358562
0.265419	0.342508
0.274447	0.32694
0.283476	0.312045
0.293048	0.297108
0.30355	0.281337
0.314052	0.266174
0.324553	0.251984
0.335053	0.238673
0.345552	0.225996
0.356048	0.213884
0.366543	0.202434
0.377618	0.191094
0.389491	0.179516
0.401361	0.168552
0.413227	0.158464
0.425089	0.14926
0.436947	0.140808
0.448801	0.132982
0.460652	0.125779
0.473128	0.118891
0.4863	0.112283
0.499467	0.106379
0.512631	0.101311
0.525791	0.097074
0.538948	0.0935771
0.552102	0.0907522
0.565254	0.0885952
0.577609	0.0872922
0.589248	0.0867827
0.600887	0.0868899
0.612525	0.0875741
0.624163	0.0888126
0.635801	0.0905447
0.647441	0.0927334
0.659082	0.0954314
0.669498	0.0983777
0.679023	0.101534
0.688551	0.105145
0.698079	0.109259
0.70761	0.11388
0.717142	0.118973
0.726676	0.124486
0.736213	0.130517
0.744654	0.136364
0.752457	0.142103
0.760262	0.148146
0.768068	0.154569
0.775876	0.161388
0.783686	0.168589
0.791497	0.176156
0.79931	0.184264
0.80615	0.191893
0.81254	0.199354
0.818932	0.207139
0.825324	0.215326
0.831718	0.223924
0.838113	0.232914
0.844508	0.242313
0.850905	0.252376
0.856441	0.261764
0.861671	0.271178
0.866902	0.281303
0.872132	0.292389
0.877364	0.304592
0.882595	0.318005
0.887827	0.332693
0.89306	0.348882
0.897538	0.363792
0.901814	0.378457
0.906091	0.393315
0.910368	0.408152
0.914645	0.422583
0.918922	0.436269
0.923199	0.448988
0.927476	0.460751
0.931095	0.469714
0.93459	0.477254
0.938085	0.48389
0.94158	0.489696
0.945075	0.494576
0.94857	0.498486
0.952064	0.501417
0.955558	0.503389
0.958538	0.504251
0.961458	0.504281
0.964377	0.503422
0.967295	0.501588
0.970214	0.49871
0.973132	0.494618
0.97605	0.489039
0.978968	0.481631
0.981611	0.472877
0.984239	0.461656
0.986867	0.44684
0.989494	0.426811
0.992121	0.396877
0.994748	0.348435
0.997374	0.248073
)
