(title "Pressure Coefficient")
(labels "Position" "Pressure Coefficient")

((xy/key/label "airfoil")
1	-0.0470042
0.997513	-0.180308
0.995024	-0.196044
0.992532	-0.265192
0.990038	-0.380399
0.987541	-0.459427
0.985041	-0.474345
0.982539	-0.466938
0.979913	-0.46144
0.977165	-0.459453
0.974414	-0.458287
0.971659	-0.456723
0.968902	-0.454786
0.966141	-0.45278
0.963378	-0.450838
0.960612	-0.448928
0.957389	-0.446717
0.954162	-0.444481
0.950931	-0.442184
0.947696	-0.43986
0.944458	-0.437527
0.941216	-0.435181
0.93797	-0.432799
0.934389	-0.430151
0.930472	-0.427258
0.92655	-0.424326
0.922623	-0.421342
0.918691	-0.418332
0.914755	-0.415307
0.910813	-0.412251
0.906867	-0.409127
0.902101	-0.405366
0.897329	-0.401599
0.89255	-0.397737
0.887765	-0.393826
0.882974	-0.389889
0.878177	-0.38592
0.873374	-0.38188
0.868063	-0.377373
0.862244	-0.372446
0.856417	-0.36745
0.850583	-0.362354
0.84474	-0.357202
0.83889	-0.352018
0.833034	-0.346773
0.82717	-0.341398
0.820062	-0.334907
0.812945	-0.328411
0.805819	-0.321748
0.798685	-0.315009
0.791542	-0.308225
0.784392	-0.301388
0.777234	-0.294429
0.769306	-0.286659
0.760606	-0.278179
0.751897	-0.269611
0.74318	-0.260899
0.734455	-0.252126
0.725723	-0.243342
0.716983	-0.234507
0.708238	-0.225488
0.697613	-0.214626
0.68698	-0.203874
0.676341	-0.192921
0.665697	-0.181894
0.655048	-0.170884
0.644395	-0.159904
0.633739	-0.148837
0.621936	-0.13659
0.608985	-0.123394
0.596033	-0.110254
0.583081	-0.0970548
0.57013	-0.0839238
0.557181	-0.070938
0.544235	-0.0581162
0.531292	-0.0454377
0.518069	-0.0326793
0.504851	-0.0201453
0.491639	-0.00780886
0.478433	0.00429861
0.465233	0.0161521
0.45204	0.0277261
0.438854	0.0389399
0.426401	0.0492275
0.414681	0.0587581
0.402967	0.0680861
0.391259	0.0771249
0.379557	0.0858913
0.36786	0.0944174
0.35617	0.102698
0.344485	0.110618
0.334165	0.117414
0.323849	0.124064
0.313537	0.130436
0.303229	0.136529
0.292925	0.142367
0.282624	0.14798
0.272328	0.153331
0.262855	0.158018
0.254206	0.162157
0.245558	0.16613
0.236913	0.169853
0.22827	0.173276
0.219628	0.176373
0.210989	0.179142
0.20235	0.181551
0.195315	0.183282
0.18828	0.184852
0.181246	0.186287
0.174213	0.187642
0.16718	0.188948
0.160149	0.190207
0.153117	0.191392
0.146738	0.192381
0.141013	0.193188
0.135287	0.193888
0.129561	0.194429
0.123836	0.194735
0.11811	0.194754
0.112385	0.194468
0.106659	0.193893
0.101995	0.193218
0.0973315	0.192415
0.0926674	0.191586
0.0880033	0.190722
0.083339	0.189713
0.0786746	0.188416
0.07401	0.186802
0.0697682	0.185118
0.0659493	0.183507
0.0621303	0.181945
0.058311	0.180507
0.0544916	0.179109
0.050672	0.177533
0.0468522	0.175523
0.0430321	0.173058
0.0399162	0.170723
0.0368001	0.168094
0.0336838	0.165137
0.0305673	0.161723
0.0274507	0.157786
0.0243339	0.153318
0.0212169	0.148299
0.018348	0.143004
0.0157273	0.137835
0.0131065	0.134205
0.0104855	0.136753
0.00786439	0.149557
0.0052431	0.142056
0.00262163	0.210117
0	0.969977
0.00250705	1.74939
0.00501644	1.69892
0.00752814	1.45325
0.0100421	1.32561
0.0125584	1.24807
0.0150769	1.19239
0.0175976	1.14752
0.0201484	1.10437
0.0232044	1.05075
0.0262635	0.996684
0.0293257	0.949473
0.0323909	0.911424
0.0354591	0.881443
0.0385301	0.857539
0.0416041	0.837127
0.0447573	0.818321
0.0485645	0.796761
0.0523759	0.776008
0.0561912	0.757042
0.0600106	0.739219
0.0638338	0.721634
0.0676607	0.704013
0.0714914	0.686367
0.0754646	0.668605
0.0801834	0.647946
0.0849073	0.627594
0.0896361	0.608512
0.0943698	0.590589
0.0991082	0.573237
0.103851	0.556151
0.108598	0.539331
0.113587	0.522408
0.119471	0.503035
0.125361	0.483998
0.131256	0.465976
0.137157	0.448824
0.143063	0.432053
0.148973	0.415481
0.154888	0.399268
0.161172	0.382847
0.168482	0.364309
0.175798	0.346147
0.183118	0.329002
0.190444	0.312819
0.197774	0.297193
0.205107	0.281923
0.212445	0.267108
0.220313	0.251956
0.229328	0.235008
0.238347	0.218339
0.247368	0.202588
0.256393	0.187859
0.265419	0.173872
0.274447	0.160404
0.283476	0.147469
0.293048	0.134414
0.30355	0.120501
0.314052	0.10688
0.324553	0.0938524
0.335053	0.0814925
0.345552	0.0697158
0.356048	0.0584956
0.366543	0.0479324
0.377618	0.0375266
0.389491	0.0269266
0.401361	0.0168258
0.413227	0.00746248
0.425089	-0.001063
0.436947	-0.00878783
0.448801	-0.0157888
0.460652	-0.0220877
0.473128	-0.0280349
0.4863	-0.0337931
0.499467	-0.0391135
0.512631	-0.0439015
0.525791	-0.0480673
0.538948	-0.0515691
0.552102	-0.0544115
0.565254	-0.0566649
0.577609	-0.0582773
0.589248	-0.0592821
0.600887	-0.0597442
0.612525	-0.0597204
0.624163	-0.0591792
0.635801	-0.0580921
0.647441	-0.056556
0.659082	-0.0545821
0.669498	-0.0524027
0.679023	-0.0500887
0.688551	-0.0474922
0.698079	-0.0445836
0.70761	-0.0413394
0.717142	-0.0377588
0.726676	-0.0338664
0.736213	-0.0295757
0.744654	-0.0253528
0.752457	-0.0211349
0.760262	-0.0166386
0.768068	-0.0118317
0.775876	-0.00671396
0.783686	-0.00131924
0.791497	0.00430124
0.79931	0.0102543
0.80615	0.0158166
0.81254	0.0212284
0.818932	0.0268224
0.825324	0.0326291
0.831718	0.0386429
0.838113	0.0448322
0.844508	0.0511579
0.850905	0.0577552
0.856441	0.063756
0.861671	0.0695827
0.866902	0.075562
0.872132	0.0817351
0.877364	0.0880967
0.882595	0.0946215
0.887827	0.101293
0.89306	0.108255
0.897538	0.114488
0.901814	0.120578
0.906091	0.126818
0.910368	0.133251
0.914645	0.139865
0.918922	0.146638
0.923199	0.153568
0.927476	0.160795
0.931095	0.167151
0.93459	0.173388
0.938085	0.179756
0.94158	0.186313
0.945075	0.193044
0.94857	0.199909
0.952064	0.206877
0.955558	0.214017
0.958538	0.220179
0.961458	0.226124
0.964377	0.231948
0.967295	0.237582
0.970214	0.24288
0.973132	0.247661
0.97605	0.251729
0.978968	0.254827
0.981611	0.256467
0.984239	0.256553
0.986867	0.2539
0.989494	0.246887
0.992121	0.231828
0.994748	0.201913
0.997374	0.132699
)
