(title "Static Pressure")
(labels "Position" "Static Pressure")

((xy/key/label "airfoil")
1	95600.1
0.997513	52621.4
0.995024	52916
0.992532	52034
0.990038	51259.4
0.987541	50843.3
0.985041	50642.6
0.982539	50588.4
0.979913	50585.6
0.977165	50574
0.974414	50529.7
0.971659	50451.3
0.968902	50346.6
0.966141	50215.9
0.963378	50051
0.960612	49861.5
0.957389	49788.6
0.954162	49994.3
0.950931	49778.1
0.947696	45479.4
0.944458	34414.4
0.941216	23040.3
0.93797	18502.4
0.934389	18921.3
0.930472	20321.5
0.92655	21100.6
0.922623	21371.4
0.918691	21522.1
0.914755	21760.7
0.910813	22088.2
0.906867	22452.4
0.902101	22879.9
0.897329	23290.5
0.89255	23704.3
0.887765	24124.1
0.882974	24550.3
0.878177	24982.7
0.873374	25423.4
0.868063	25914.6
0.862244	26451.8
0.856417	26997.2
0.850583	27554.7
0.84474	28119.8
0.83889	28690.4
0.833034	29268.3
0.82717	29861
0.820062	30577.7
0.812945	31295.7
0.805819	32032.9
0.798685	32778.2
0.791542	33528.5
0.784392	34285.2
0.777234	35055.7
0.769306	35917
0.760606	36859.8
0.751897	37814.1
0.74318	38782.8
0.734455	39756
0.725723	40730.7
0.716983	41713.3
0.708238	42719.2
0.697613	43935
0.68698	45142.8
0.676341	46371.3
0.665697	47603.9
0.655048	48835.8
0.644395	50070.4
0.633739	51318.7
0.621936	52700
0.608985	54188.4
0.596033	55670
0.583081	57156.3
0.57013	58634.5
0.557181	60097.1
0.544235	61539
0.531292	62960.6
0.518069	64390.1
0.504851	65796.9
0.491639	67182.8
0.478433	68541.5
0.465233	69869.5
0.45204	71162.8
0.438854	72415.6
0.426401	73568.2
0.414681	74635.1
0.402967	75672
0.391259	76666.7
0.379557	77620.7
0.36786	78535.5
0.35617	79407
0.344485	80221.8
0.334165	80899.5
0.323849	81535.3
0.313537	82117.8
0.303229	82655.1
0.292925	83156.9
0.282624	83632.2
0.272328	84086.6
0.262855	84493
0.254206	84860.3
0.245558	85213.1
0.236913	85531.8
0.22827	85799.6
0.219628	86003.5
0.210989	86133.6
0.20235	86184.2
0.195315	86169.8
0.18828	86110.9
0.181246	86019.9
0.174213	85914.7
0.16718	85801.7
0.160149	85673.4
0.153117	85518.6
0.146738	85340
0.141013	85124.8
0.135287	84842
0.129561	84493.9
0.123836	84089.9
0.11811	83639.9
0.112385	83155.9
0.106659	82661.7
0.101995	82235.6
0.0973315	81763
0.0926674	81235.3
0.0880033	80632.6
0.083339	79944
0.0786746	79169.5
0.07401	78332.1
0.0697682	77525
0.0659493	76745.1
0.0621303	75909.4
0.058311	75009
0.0544916	74022.2
0.050672	72947.6
0.0468522	71821.6
0.0430321	70673.3
0.0399162	69686
0.0368001	68650
0.0336838	67564.4
0.0305673	66359.1
0.0274507	64982.8
0.0243339	63463.3
0.0212169	61929.3
0.018348	60639.7
0.0157273	59679.6
0.0131065	58989.9
0.0104855	58760
0.00786439	60461
0.0052431	65443.4
0.00262163	96479.3
0	225748
0.00250705	338385
0.00501644	347049
0.00752814	339314
0.0100421	331575
0.0125584	325636
0.0150769	321589
0.0175976	317815
0.0201484	313911
0.0232044	309451
0.0262635	305401
0.0293257	301872
0.0323909	298525
0.0354591	295078
0.0385301	291526
0.0416041	287984
0.0447573	284613
0.0485645	280823
0.0523759	277211
0.0561912	273962
0.0600106	270975
0.0638338	268074
0.0676607	265183
0.0714914	262314
0.0754646	259472
0.0801834	256188
0.0849073	252918
0.0896361	249764
0.0943698	246684
0.0991082	243627
0.103851	240608
0.108598	237666
0.113587	234728
0.119471	231357
0.125361	228033
0.131256	224883
0.137157	221882
0.143063	218958
0.148973	216090
0.154888	213295
0.161172	210451
0.168482	207210
0.175798	204005
0.183118	200947
0.190444	198015
0.197774	195157
0.205107	192367
0.212445	189671
0.220313	186922
0.229328	183853
0.238347	180848
0.247368	177994
0.256393	175272
0.265419	172638
0.274447	170086
0.283476	167641
0.293048	165187
0.30355	162594
0.314052	160098
0.324553	157759
0.335053	155556
0.345552	153453
0.356048	151441
0.366543	149540
0.377618	147659
0.389491	145742
0.401361	143936
0.413227	142282
0.425089	140777
0.436947	139398
0.448801	138128
0.460652	136968
0.473128	135865
0.4863	134813
0.499467	133881
0.512631	133092
0.525791	132443
0.538948	131919
0.552102	131516
0.565254	131242
0.577609	131117
0.589248	131116
0.600887	131221
0.612525	131426
0.624163	131726
0.635801	132122
0.647441	132617
0.659082	133230
0.669498	133898
0.679023	134603
0.688551	135393
0.698079	136268
0.70761	137227
0.717142	138266
0.726676	139379
0.736213	140584
0.744654	141727
0.752457	142820
0.760262	143995
0.768068	145440
0.775876	147543
0.783686	150907
0.791497	156123
0.79931	163430
0.80615	171025
0.81254	177968
0.818932	183860
0.825324	188514
0.831718	192076
0.838113	194829
0.844508	197062
0.850905	198995
0.856441	200488
0.861671	201740
0.866902	202870
0.872132	203885
0.877364	204774
0.882595	205535
0.887827	206177
0.89306	206715
0.897538	207090
0.901814	207367
0.906091	207574
0.910368	207715
0.914645	207784
0.918922	207783
0.923199	207706
0.927476	207551
0.931095	207356
0.93459	207107
0.938085	206792
0.94158	206407
0.945075	205945
0.94857	205400
0.952064	204761
0.955558	204010
0.958538	203273
0.961458	202455
0.964377	201523
0.967295	200457
0.970214	199237
0.973132	197839
0.97605	196221
0.978968	194320
0.981611	192281
0.984239	189867
0.986867	186893
0.989494	183101
0.992121	177712
0.994748	169144
0.997374	151208
)
