(title "Static Pressure")
(labels "Position" "Static Pressure")

((xy/key/label "airfoil")
1	90235.3
0.997513	63409.4
0.995024	42709.7
0.992532	36375.5
0.990038	36960.5
0.987541	37990.4
0.985041	38544.6
0.982539	38879.4
0.979913	39197.4
0.977165	39571.2
0.974414	39964.6
0.971659	40362.6
0.968902	40759.8
0.966141	41157.5
0.963378	41558.8
0.960612	41967.4
0.957389	42442.8
0.954162	42918.4
0.950931	43402.5
0.947696	43890.3
0.944458	44379.6
0.941216	44871.9
0.93797	45371.8
0.934389	45927.1
0.930472	46532.3
0.92655	47144.8
0.922623	47768.4
0.918691	48398.1
0.914755	49031.3
0.910813	49671
0.906867	50324.4
0.902101	51109.7
0.897329	51894.2
0.89255	52697.5
0.887765	53510.1
0.882974	54327
0.878177	55149.5
0.873374	55985.8
0.868063	56917.5
0.862244	57934.9
0.856417	58965.8
0.850583	60017.8
0.84474	61081.3
0.83889	62151.7
0.833034	63234.9
0.82717	64345.1
0.820062	65684.5
0.812945	67022.2
0.805819	68393.9
0.798685	69781.9
0.791542	71178.8
0.784392	72584.8
0.777234	74013.4
0.769306	75604.4
0.760606	77337.4
0.751897	79087.6
0.74318	80866.8
0.734455	82657.2
0.725723	84449
0.716983	86252.5
0.708238	88092
0.697613	90299.8
0.68698	92481.1
0.676341	94709.2
0.665697	96966
0.655048	99234.7
0.644395	101514
0.633739	103828
0.621936	106393
0.608985	109152
0.596033	111898
0.583081	114665
0.57013	117434
0.557181	120193
0.544235	122934
0.531292	125656
0.518069	128399
0.504851	131098
0.491639	133764
0.478433	136402
0.465233	139018
0.45204	141604
0.438854	144132
0.426401	146475
0.414681	148678
0.402967	150872
0.391259	153045
0.379557	155205
0.36786	157353
0.35617	159461
0.344485	161485
0.334165	163233
0.323849	164962
0.313537	166649
0.303229	168307
0.292925	169953
0.282624	171588
0.272328	173176
0.262855	174585
0.254206	175845
0.245558	177068
0.236913	178235
0.22827	179350
0.219628	180425
0.210989	181457
0.20235	182413
0.195315	183152
0.18828	183867
0.181246	184535
0.174213	185161
0.16718	185756
0.160149	186327
0.153117	186870
0.146738	187337
0.141013	187738
0.135287	188114
0.129561	188451
0.123836	188742
0.11811	188987
0.112385	189187
0.106659	189347
0.101995	189451
0.0973315	189528
0.0926674	189571
0.0880033	189580
0.083339	189555
0.0786746	189482
0.07401	189360
0.0697682	189208
0.0659493	189030
0.0621303	188808
0.058311	188543
0.0544916	188235
0.050672	187886
0.0468522	187506
0.0430321	187122
0.0399162	186801
0.0368001	186460
0.0336838	186091
0.0305673	185673
0.0274507	185184
0.0243339	184583
0.0212169	183817
0.018348	182899
0.0157273	181808
0.0131065	180390
0.0104855	178425
0.00786439	175828
0.0052431	172660
0.00262163	164351
0	168054
0.00250705	196289
0.00501644	223863
0.00752814	235258
0.0100421	236234
0.0125584	232651
0.0150769	226749
0.0175976	220527
0.0201484	214998
0.0232044	209198
0.0262635	204102
0.0293257	199919
0.0323909	196434
0.0354591	193309
0.0385301	190358
0.0416041	187578
0.0447573	184986
0.0485645	182112
0.0523759	179383
0.0561912	176795
0.0600106	174293
0.0638338	171829
0.0676607	169413
0.0714914	167095
0.0754646	164854
0.0801834	162304
0.0849073	159784
0.0896361	157346
0.0943698	154980
0.0991082	152647
0.103851	150347
0.108598	148111
0.113587	145889
0.119471	143359
0.125361	140872
0.131256	138520
0.137157	136298
0.143063	134142
0.148973	132011
0.154888	129909
0.161172	127752
0.168482	125280
0.175798	122813
0.183118	120447
0.190444	118202
0.197774	116050
0.205107	113965
0.212445	111955
0.220313	109907
0.229328	107612
0.238347	105345
0.247368	103189
0.256393	101170
0.265419	99263.3
0.274447	97445.6
0.283476	95719.8
0.293048	93998.3
0.30355	92176.2
0.314052	90393.8
0.324553	88689.7
0.335053	87081
0.345552	85562
0.356048	84123.3
0.366543	82772.7
0.377618	81450
0.389491	80113.1
0.401361	78838.9
0.413227	77638.7
0.425089	76515.3
0.436947	75464
0.448801	74481
0.460652	73574.6
0.473128	72708.7
0.4863	71875.2
0.499467	71116.4
0.512631	70439.7
0.525791	69852.1
0.538948	69359.4
0.552102	68962.5
0.565254	68652.5
0.577609	68435.2
0.589248	68301.9
0.600887	68239.1
0.612525	68235.7
0.624163	68290.2
0.635801	68405.6
0.647441	68572.9
0.659082	68790.4
0.669498	69032.9
0.679023	69294.8
0.688551	69595
0.698079	69937.7
0.70761	70326.1
0.717142	70760.3
0.726676	71234.9
0.736213	71756.5
0.744654	72266.9
0.752457	72775.1
0.760262	73315.9
0.768068	73892.7
0.775876	74505.8
0.783686	75151.2
0.791497	75820.8
0.79931	76524.5
0.80615	77178.3
0.81254	77813.4
0.818932	78470
0.825324	79152.2
0.831718	79859.9
0.838113	80589.8
0.844508	81335.9
0.850905	82111.5
0.856441	82815.4
0.861671	83500.5
0.866902	84205.5
0.872132	84934.2
0.877364	85685.2
0.882595	86454.5
0.887827	87237
0.89306	88048
0.897538	88771.4
0.901814	89477.6
0.906091	90200.6
0.910368	90944.2
0.914645	91705.7
0.918922	92480
0.923199	93263.7
0.927476	94072.8
0.931095	94781.6
0.93459	95476.2
0.938085	96183.5
0.94158	96907.7
0.945075	97645.7
0.94857	98392.6
0.952064	99146.2
0.955558	99920
0.958538	100598
0.961458	101270
0.964377	101951
0.967295	102647
0.970214	103356
0.973132	104079
0.97605	104814
0.978968	105567
0.981611	106251
0.984239	106898
0.986867	107450
0.989494	107811
0.992121	107753
0.994748	106849
0.997374	104271
)
