(title "Pressure Coefficient")
(labels "Position" "Pressure Coefficient")

((xy/key/label "airfoil")
1	-0.0304798
0.997513	-0.343376
0.995024	-0.340281
0.992532	-0.34318
0.990038	-0.347655
0.987541	-0.351596
0.985041	-0.354326
0.982539	-0.355949
0.979913	-0.356833
0.977165	-0.357179
0.974414	-0.357272
0.971659	-0.357344
0.968902	-0.357515
0.966141	-0.357812
0.963378	-0.358216
0.960612	-0.358704
0.957389	-0.359353
0.954162	-0.360077
0.950931	-0.360901
0.947696	-0.361894
0.944458	-0.36312
0.941216	-0.364537
0.93797	-0.364975
0.934389	-0.363909
0.930472	-0.372123
0.92655	-0.41645
0.922623	-0.485061
0.918691	-0.52652
0.914755	-0.53083
0.910813	-0.523399
0.906867	-0.518201
0.902101	-0.515528
0.897329	-0.514118
0.89255	-0.512423
0.887765	-0.510226
0.882974	-0.507807
0.878177	-0.505387
0.873374	-0.503005
0.868063	-0.500394
0.862244	-0.497531
0.856417	-0.494599
0.850583	-0.491589
0.84474	-0.488538
0.83889	-0.485468
0.833034	-0.482369
0.82717	-0.479197
0.820062	-0.475359
0.812945	-0.471508
0.805819	-0.467546
0.798685	-0.463528
0.791542	-0.459475
0.784392	-0.455387
0.777234	-0.451233
0.769306	-0.446607
0.760606	-0.441556
0.751897	-0.436438
0.74318	-0.431219
0.734455	-0.425948
0.725723	-0.420662
0.716983	-0.415353
0.708238	-0.409952
0.697613	-0.40343
0.68698	-0.396915
0.676341	-0.390238
0.665697	-0.383517
0.655048	-0.376824
0.644395	-0.370158
0.633739	-0.363423
0.621936	-0.355922
0.608985	-0.347786
0.596033	-0.339683
0.583081	-0.331598
0.57013	-0.323591
0.557181	-0.315655
0.544235	-0.307789
0.531292	-0.30001
0.518069	-0.292224
0.504851	-0.284653
0.491639	-0.277279
0.478433	-0.270091
0.465233	-0.263079
0.45204	-0.256243
0.438854	-0.2496
0.426401	-0.243472
0.414681	-0.23781
0.402967	-0.232342
0.391259	-0.227127
0.379557	-0.222155
0.36786	-0.217436
0.35617	-0.213008
0.344485	-0.208942
0.334165	-0.205627
0.323849	-0.202572
0.313537	-0.199811
0.303229	-0.197287
0.292925	-0.194939
0.282624	-0.192721
0.272328	-0.190642
0.262855	-0.188887
0.254206	-0.187469
0.245558	-0.18632
0.236913	-0.185572
0.22827	-0.185342
0.219628	-0.185577
0.210989	-0.186183
0.20235	-0.187069
0.195315	-0.187957
0.18828	-0.188962
0.181246	-0.190004
0.174213	-0.191106
0.16718	-0.192378
0.160149	-0.193983
0.153117	-0.196006
0.146738	-0.198254
0.141013	-0.200719
0.135287	-0.20362
0.129561	-0.206856
0.123836	-0.210345
0.11811	-0.214076
0.112385	-0.218074
0.106659	-0.22223
0.101995	-0.225876
0.0973315	-0.229925
0.0926674	-0.234339
0.0880033	-0.239156
0.083339	-0.244353
0.0786746	-0.249879
0.07401	-0.255631
0.0697682	-0.261065
0.0659493	-0.266219
0.0621303	-0.271615
0.058311	-0.277264
0.0544916	-0.283254
0.050672	-0.289601
0.0468522	-0.296038
0.0430321	-0.302347
0.0399162	-0.30769
0.0368001	-0.313338
0.0336838	-0.319133
0.0305673	-0.325123
0.0274507	-0.331497
0.0243339	-0.338535
0.0212169	-0.346437
0.018348	-0.354681
0.0157273	-0.362631
0.0131065	-0.368982
0.0104855	-0.371504
0.00786439	-0.362666
0.0052431	-0.341778
0.00262163	-0.171764
0	0.636649
0.00250705	1.40827
0.00501644	1.53665
0.00752814	1.52216
0.0100421	1.4939
0.0125584	1.46825
0.0150769	1.44794
0.0175976	1.42806
0.0201484	1.40757
0.0232044	1.38361
0.0262635	1.36059
0.0293257	1.33933
0.0323909	1.31884
0.0354591	1.29844
0.0385301	1.27836
0.0416041	1.25896
0.0447573	1.24071
0.0485645	1.22001
0.0523759	1.19992
0.0561912	1.18131
0.0600106	1.1636
0.0638338	1.14605
0.0676607	1.12847
0.0714914	1.11091
0.0754646	1.09328
0.0801834	1.0725
0.0849073	1.05157
0.0896361	1.03158
0.0943698	1.01258
0.0991082	0.994336
0.103851	0.976733
0.108598	0.959663
0.113587	0.942523
0.119471	0.922593
0.125361	0.902631
0.131256	0.883398
0.137157	0.86473
0.143063	0.846347
0.148973	0.828311
0.154888	0.810833
0.161172	0.793183
0.168482	0.773149
0.175798	0.753336
0.183118	0.734345
0.190444	0.716031
0.197774	0.698087
0.205107	0.680495
0.212445	0.66346
0.220313	0.646045
0.229328	0.626578
0.238347	0.607518
0.247368	0.589467
0.256393	0.57231
0.265419	0.555753
0.274447	0.539728
0.283476	0.524352
0.293048	0.508813
0.30355	0.492241
0.314052	0.476195
0.324553	0.461102
0.335053	0.446911
0.345552	0.433451
0.356048	0.420689
0.366543	0.40869
0.377618	0.396797
0.389491	0.384605
0.401361	0.372998
0.413227	0.362235
0.425089	0.352326
0.436947	0.343207
0.448801	0.334884
0.460652	0.327432
0.473128	0.320467
0.4863	0.313822
0.499467	0.307788
0.512631	0.30239
0.525791	0.297644
0.538948	0.293683
0.552102	0.291119
0.565254	0.293065
0.577609	0.310834
0.589248	0.359046
0.600887	0.440953
0.612525	0.531694
0.624163	0.599581
0.635801	0.636235
0.647441	0.654315
0.659082	0.667563
0.669498	0.681303
0.679023	0.696483
0.688551	0.712305
0.698079	0.726131
0.70761	0.735963
0.717142	0.741577
0.726676	0.744703
0.736213	0.747668
0.744654	0.751417
0.752457	0.756039
0.760262	0.761333
0.768068	0.766706
0.775876	0.77164
0.783686	0.775798
0.791497	0.779067
0.79931	0.781569
0.80615	0.783271
0.81254	0.784584
0.818932	0.785777
0.825324	0.786881
0.831718	0.787843
0.838113	0.788611
0.844508	0.789136
0.850905	0.789388
0.856441	0.789371
0.861671	0.789127
0.866902	0.788637
0.872132	0.787893
0.877364	0.786891
0.882595	0.78563
0.887827	0.784094
0.89306	0.782247
0.897538	0.780413
0.901814	0.778437
0.906091	0.776198
0.910368	0.773666
0.914645	0.770835
0.918922	0.767688
0.923199	0.764188
0.927476	0.760261
0.931095	0.756601
0.93459	0.752781
0.938085	0.748604
0.94158	0.744016
0.945075	0.738997
0.94857	0.73352
0.952064	0.727516
0.955558	0.720855
0.958538	0.714616
0.961458	0.70799
0.964377	0.70071
0.967295	0.692635
0.970214	0.683664
0.973132	0.673654
0.97605	0.662363
0.978968	0.649405
0.981611	0.635814
0.984239	0.620076
0.986867	0.60109
0.989494	0.577228
0.992121	0.54344
0.994748	0.488496
0.997374	0.367662
)
