(title "Pressure Coefficient")
(labels "Position" "Pressure Coefficient")

((xy/key/label "airfoil")
1	-0.0316173
0.997513	-0.366539
0.995024	-0.363297
0.992532	-0.364144
0.990038	-0.367343
0.987541	-0.371344
0.985041	-0.374618
0.982539	-0.376876
0.979913	-0.378392
0.977165	-0.379291
0.974414	-0.37967
0.971659	-0.379793
0.968902	-0.379852
0.966141	-0.379948
0.963378	-0.380129
0.960612	-0.380408
0.957389	-0.380835
0.954162	-0.381342
0.950931	-0.381908
0.947696	-0.382518
0.944458	-0.383174
0.941216	-0.383889
0.93797	-0.384717
0.934389	-0.38583
0.930472	-0.387457
0.92655	-0.388979
0.922623	-0.38884
0.918691	-0.390066
0.914755	-0.414324
0.910813	-0.471412
0.906867	-0.521126
0.902101	-0.538203
0.897329	-0.53363
0.89255	-0.527659
0.887765	-0.524357
0.882974	-0.522788
0.878177	-0.521308
0.873374	-0.519379
0.868063	-0.516962
0.862244	-0.514296
0.856417	-0.511657
0.850583	-0.509008
0.84474	-0.506334
0.83889	-0.503627
0.833034	-0.500877
0.82717	-0.498054
0.820062	-0.494639
0.812945	-0.491217
0.805819	-0.487703
0.798685	-0.484142
0.791542	-0.480547
0.784392	-0.476907
0.777234	-0.473194
0.769306	-0.469045
0.760606	-0.464511
0.751897	-0.459924
0.74318	-0.455254
0.734455	-0.450529
0.725723	-0.445768
0.716983	-0.440967
0.708238	-0.43608
0.697613	-0.430201
0.68698	-0.424354
0.676341	-0.418362
0.665697	-0.41231
0.655048	-0.406271
0.644395	-0.400274
0.633739	-0.394251
0.621936	-0.387564
0.608985	-0.380299
0.596033	-0.373052
0.583081	-0.365844
0.57013	-0.35876
0.557181	-0.351778
0.544235	-0.344853
0.531292	-0.337976
0.518069	-0.331069
0.504851	-0.32435
0.491639	-0.317822
0.478433	-0.311468
0.465233	-0.305276
0.45204	-0.299255
0.438854	-0.293451
0.426401	-0.288186
0.414681	-0.283425
0.402967	-0.27891
0.391259	-0.274664
0.379557	-0.270676
0.36786	-0.26696
0.35617	-0.263546
0.344485	-0.260478
0.334165	-0.258041
0.323849	-0.255853
0.313537	-0.253914
0.303229	-0.25216
0.292925	-0.250544
0.282624	-0.249051
0.272328	-0.247717
0.262855	-0.246703
0.254206	-0.246103
0.245558	-0.245961
0.236913	-0.246283
0.22827	-0.247067
0.219628	-0.248299
0.210989	-0.249863
0.20235	-0.251572
0.195315	-0.253075
0.18828	-0.254733
0.181246	-0.256548
0.174213	-0.258607
0.16718	-0.261036
0.160149	-0.263959
0.153117	-0.267358
0.146738	-0.270809
0.141013	-0.274269
0.135287	-0.27805
0.129561	-0.28205
0.123836	-0.286236
0.11811	-0.290663
0.112385	-0.295427
0.106659	-0.300431
0.101995	-0.304794
0.0973315	-0.309529
0.0926674	-0.314555
0.0880033	-0.319884
0.083339	-0.325479
0.0786746	-0.331273
0.07401	-0.337146
0.0697682	-0.342578
0.0659493	-0.347647
0.0621303	-0.352854
0.058311	-0.358151
0.0544916	-0.363562
0.050672	-0.369129
0.0468522	-0.374754
0.0430321	-0.380223
0.0399162	-0.384708
0.0368001	-0.389323
0.0336838	-0.393995
0.0305673	-0.398779
0.0274507	-0.403754
0.0243339	-0.409048
0.0212169	-0.414781
0.018348	-0.420603
0.0157273	-0.426085
0.0131065	-0.430377
0.0104855	-0.431973
0.00786439	-0.425142
0.0052431	-0.415576
0.00262163	-0.241758
0	0.581414
0.00250705	1.3646
0.00501644	1.51881
0.00752814	1.53316
0.0100421	1.52318
0.0125584	1.50534
0.0150769	1.48936
0.0175976	1.47371
0.0201484	1.45749
0.0232044	1.43791
0.0262635	1.41845
0.0293257	1.4002
0.0323909	1.38274
0.0354591	1.36565
0.0385301	1.34891
0.0416041	1.33254
0.0447573	1.3168
0.0485645	1.29845
0.0523759	1.2801
0.0561912	1.26257
0.0600106	1.24556
0.0638338	1.22869
0.0676607	1.21205
0.0714914	1.1958
0.0754646	1.17987
0.0801834	1.16147
0.0849073	1.14325
0.0896361	1.12592
0.0943698	1.10918
0.0991082	1.09265
0.103851	1.07629
0.108598	1.06022
0.113587	1.04407
0.119471	1.02536
0.125361	1.0067
0.131256	0.988862
0.137157	0.971691
0.143063	0.954879
0.148973	0.938399
0.154888	0.922369
0.161172	0.906078
0.168482	0.887482
0.175798	0.869039
0.183118	0.851365
0.190444	0.834404
0.197774	0.817949
0.205107	0.802029
0.212445	0.786804
0.220313	0.771396
0.229328	0.754353
0.238347	0.737873
0.247368	0.722478
0.256393	0.708026
0.265419	0.694272
0.274447	0.681224
0.283476	0.669036
0.293048	0.657149
0.30355	0.645046
0.314052	0.634014
0.324553	0.624478
0.335053	0.616454
0.345552	0.609805
0.356048	0.604467
0.366543	0.60042
0.377618	0.597476
0.389491	0.595695
0.401361	0.595212
0.413227	0.595993
0.425089	0.598033
0.436947	0.601107
0.448801	0.604856
0.460652	0.609074
0.473128	0.614239
0.4863	0.621218
0.499467	0.630556
0.512631	0.642795
0.525791	0.657863
0.538948	0.674615
0.552102	0.690484
0.565254	0.701653
0.577609	0.705645
0.589248	0.705456
0.600887	0.705042
0.612525	0.706766
0.624163	0.712469
0.635801	0.723141
0.647441	0.737967
0.659082	0.754747
0.669498	0.76826
0.679023	0.776388
0.688551	0.779955
0.698079	0.78086
0.70761	0.78127
0.717142	0.78258
0.726676	0.78548
0.736213	0.790191
0.744654	0.795547
0.752457	0.800673
0.760262	0.80522
0.768068	0.808898
0.775876	0.811675
0.783686	0.813696
0.791497	0.815186
0.79931	0.816382
0.80615	0.817317
0.81254	0.818134
0.818932	0.818904
0.825324	0.819583
0.831718	0.820102
0.838113	0.820391
0.844508	0.820421
0.850905	0.82019
0.856441	0.819744
0.861671	0.819082
0.866902	0.818178
0.872132	0.817036
0.877364	0.815658
0.882595	0.814039
0.887827	0.812158
0.89306	0.809972
0.897538	0.807857
0.901814	0.805623
0.906091	0.803134
0.910368	0.800359
0.914645	0.797293
0.918922	0.793926
0.923199	0.790224
0.927476	0.786112
0.931095	0.782308
0.93459	0.778362
0.938085	0.774073
0.94158	0.769383
0.945075	0.764277
0.94857	0.758731
0.952064	0.752682
0.955558	0.745998
0.958538	0.739759
0.961458	0.733156
0.964377	0.725926
0.967295	0.717932
0.970214	0.70908
0.973132	0.699232
0.97605	0.688149
0.978968	0.675447
0.981611	0.662134
0.984239	0.646717
0.986867	0.628086
0.989494	0.604571
0.992121	0.570913
0.994748	0.515312
0.997374	0.390656
)
