(title "Pressure Coefficient")
(labels "Position" "Pressure Coefficient")

((xy/key/label "airfoil")
1	-0.0517586
0.997513	-0.218318
0.995024	-0.219436
0.992532	-0.219669
0.990038	-0.221447
0.987541	-0.245401
0.985041	-0.323225
0.982539	-0.425749
0.979913	-0.484409
0.977165	-0.489796
0.974414	-0.48077
0.971659	-0.475413
0.968902	-0.473865
0.966141	-0.473108
0.963378	-0.471794
0.960612	-0.469955
0.957389	-0.467688
0.954162	-0.465537
0.950931	-0.463456
0.947696	-0.46139
0.944458	-0.459303
0.941216	-0.457179
0.93797	-0.455009
0.934389	-0.452593
0.930472	-0.449954
0.92655	-0.447279
0.922623	-0.444557
0.918691	-0.441809
0.914755	-0.439045
0.910813	-0.436253
0.906867	-0.433399
0.902101	-0.429962
0.897329	-0.426518
0.89255	-0.422986
0.887765	-0.419411
0.882974	-0.415811
0.878177	-0.412179
0.873374	-0.40848
0.868063	-0.404351
0.862244	-0.399831
0.856417	-0.395247
0.850583	-0.390573
0.84474	-0.385853
0.83889	-0.381104
0.833034	-0.376303
0.82717	-0.371384
0.820062	-0.365444
0.812945	-0.359498
0.805819	-0.353394
0.798685	-0.347225
0.791542	-0.341017
0.784392	-0.334759
0.777234	-0.328392
0.769306	-0.321291
0.760606	-0.313539
0.751897	-0.305699
0.74318	-0.297725
0.734455	-0.289691
0.725723	-0.281635
0.716983	-0.273523
0.708238	-0.265249
0.697613	-0.255292
0.68698	-0.245421
0.676341	-0.235361
0.665697	-0.225242
0.655048	-0.215135
0.644395	-0.205032
0.633739	-0.194834
0.621936	-0.183557
0.608985	-0.171409
0.596033	-0.15929
0.583081	-0.147098
0.57013	-0.134968
0.557181	-0.122974
0.544235	-0.111115
0.531292	-0.0993686
0.518069	-0.0875554
0.504851	-0.0759761
0.491639	-0.064594
0.478433	-0.0534332
0.465233	-0.0425173
0.45204	-0.0318416
0.438854	-0.02146
0.426401	-0.0118971
0.414681	-0.00303538
0.402967	0.00559737
0.391259	0.013919
0.379557	0.0219518
0.36786	0.0297212
0.35617	0.0372016
0.344485	0.0443199
0.334165	0.050438
0.323849	0.0564374
0.313537	0.0621978
0.303229	0.0677204
0.292925	0.0729973
0.282624	0.0780048
0.272328	0.082674
0.262855	0.0866601
0.254206	0.0900747
0.245558	0.0932313
0.236913	0.0960847
0.22827	0.098643
0.219628	0.100932
0.210989	0.102981
0.20235	0.10481
0.195315	0.106211
0.18828	0.107583
0.181246	0.108917
0.174213	0.11024
0.16718	0.111558
0.160149	0.112849
0.153117	0.114058
0.146738	0.115034
0.141013	0.115749
0.135287	0.116182
0.129561	0.116252
0.123836	0.11594
0.11811	0.115225
0.112385	0.114187
0.106659	0.113022
0.101995	0.11203
0.0973315	0.111025
0.0926674	0.110018
0.0880033	0.108876
0.083339	0.107384
0.0786746	0.10535
0.07401	0.102761
0.0697682	0.0999676
0.0659493	0.0970871
0.0621303	0.0939494
0.058311	0.0906382
0.0544916	0.0870753
0.050672	0.0830313
0.0468522	0.0783162
0.0430321	0.0730009
0.0399162	0.0680364
0.0368001	0.0624304
0.0336838	0.0563283
0.0305673	0.049656
0.0274507	0.042612
0.0243339	0.0358922
0.0212169	0.0303412
0.018348	0.0264581
0.0157273	0.02326
0.0131065	0.0197381
0.0104855	0.0180801
0.00786439	0.0285412
0.0052431	0.0653366
0.00262163	0.230241
0	0.913934
0.00250705	1.50761
0.00501644	1.47775
0.00752814	1.34576
0.0100421	1.26886
0.0125584	1.2216
0.0150769	1.19123
0.0175976	1.16287
0.0201484	1.13218
0.0232044	1.09662
0.0262635	1.06518
0.0293257	1.04004
0.0323909	1.01916
0.0354591	0.999821
0.0385301	0.98057
0.0416041	0.960746
0.0447573	0.940421
0.0485645	0.915341
0.0523759	0.889182
0.0561912	0.863552
0.0600106	0.839121
0.0638338	0.816019
0.0676607	0.794284
0.0714914	0.773755
0.0754646	0.754053
0.0801834	0.731828
0.0849073	0.710445
0.0896361	0.690876
0.0943698	0.6726
0.0991082	0.654761
0.103851	0.637081
0.108598	0.619749
0.113587	0.602501
0.119471	0.582923
0.125361	0.563695
0.131256	0.545333
0.137157	0.527611
0.143063	0.510145
0.148973	0.492962
0.154888	0.476334
0.161172	0.459631
0.168482	0.440795
0.175798	0.422236
0.183118	0.404507
0.190444	0.387512
0.197774	0.370932
0.205107	0.354723
0.212445	0.339111
0.220313	0.323286
0.229328	0.305698
0.238347	0.288447
0.247368	0.272008
0.256393	0.256322
0.265419	0.241156
0.274447	0.22643
0.283476	0.212299
0.293048	0.198122
0.30355	0.183152
0.314052	0.168681
0.324553	0.155006
0.335053	0.142132
0.345552	0.129945
0.356048	0.118386
0.366543	0.107512
0.377618	0.0968068
0.389491	0.085948
0.401361	0.0756756
0.413227	0.0661703
0.425089	0.0574044
0.436947	0.0492779
0.448801	0.0417644
0.460652	0.034925
0.473128	0.0284475
0.4863	0.022237
0.499467	0.016627
0.512631	0.0117122
0.525791	0.00752211
0.538948	0.00403202
0.552102	0.00119277
0.565254	-0.00107028
0.577609	-0.00266638
0.589248	-0.00360656
0.600887	-0.00398668
0.612525	-0.00383303
0.624163	-0.00311246
0.635801	-0.00184528
0.647441	-0.000102211
0.659082	0.00212889
0.669498	0.00459293
0.679023	0.00722027
0.688551	0.0101984
0.698079	0.0135668
0.70761	0.0173422
0.717142	0.0215107
0.726676	0.0260329
0.736213	0.0309952
0.744654	0.0358368
0.752457	0.0406177
0.760262	0.0456558
0.768068	0.0509866
0.775876	0.0566086
0.783686	0.0624907
0.791497	0.0685973
0.79931	0.0750629
0.80615	0.081103
0.81254	0.0869807
0.818932	0.0930718
0.825324	0.0994288
0.831718	0.106056
0.838113	0.112928
0.844508	0.120031
0.850905	0.127532
0.856441	0.134416
0.861671	0.141144
0.866902	0.148095
0.872132	0.155322
0.877364	0.162824
0.882595	0.170581
0.887827	0.178599
0.89306	0.187053
0.897538	0.19467
0.901814	0.202152
0.906091	0.209881
0.910368	0.217934
0.914645	0.226305
0.918922	0.234965
0.923199	0.243907
0.927476	0.253265
0.931095	0.261454
0.93459	0.269397
0.938085	0.277372
0.94158	0.285378
0.945075	0.293299
0.94857	0.301002
0.952064	0.308385
0.955558	0.315441
0.958538	0.321024
0.961458	0.325881
0.964377	0.330138
0.967295	0.333744
0.970214	0.336524
0.973132	0.338336
0.97605	0.339079
0.978968	0.338404
0.981611	0.335985
0.984239	0.331378
0.986867	0.323721
0.989494	0.31144
0.992121	0.290244
0.994748	0.252714
0.997374	0.170288
)
